Index,Initial x,Initial vy,Period,Jacobi Constant,Stability Index,Eig1,Eig2,Eig3,Eig4,Eig5,Eig6
0,-2.0628962790432634,1.483981817479581,47.583574015736914,3.024709757929085,17834174076.242058,(35668348152.484116+0j),(1.0000992039003544+0.01757004303687194j),(1.0000992039003544-0.01757004303687194j),(-0.0004697150838596416+0j),(0.12661784814071747+0.9919515716670434j),(0.12661784814071747-0.9919515716670434j)
1,-2.0637147448965525,1.485142102193004,47.56439742457757,3.0242557347667276,17857358308.715225,(35714716617.43045+0j),(0.9995032217433965+0.07635819699922028j),(0.9995032217433965-0.07635819699922028j),(0.0002913631935309948+0j),(0.026821211085081842+0.999640246606947j),(0.026821211085081842-0.999640246606947j)
2,-2.064536280655876,1.486307336462804,47.54522773680019,3.0237971814097913,17878659647.90944,(35757319295.81888+0j),(1.0000497171604477+0.013067277346103853j),(1.0000497171604477-0.013067277346103853j),(-0.00010506547165016514+0j),(-0.07037304898491786+0.9975207436324656j),(-0.07037304898491786-0.9975207436324656j)
3,-2.0653609138930515,1.4874775678392036,47.52606504865898,3.0233340409258314,17898363638.1821,(35796727276.3642+0j),(1.086383618595447+0j),(0.9142611634089575+0j),(-0.00013329967134286807+0j),(-0.16467721045324246+0.9863475129780187j),(-0.16467721045324246-0.9863475129780187j)
4,-2.0661886727460126,1.4886528448484104,47.50690945867257,3.022866255241515,17916479640.38871,(35832959280.77742+0j),(1.1065694022110413+0j),(0.8933449511422945+0j),(0.000653956517907555+0j),(-0.2558014727948088+0.9667293346726403j),(-0.2558014727948088-0.9667293346726403j)
5,-2.067019585939234,1.4898332170303912,47.48776106771048,3.022393765096317,17933017434.567177,(35866034869.13435+0j),(1.0596740597324248+0j),(0.9406709612090344+0j),(-0.00029486024395139856+0j),(-0.34344272625714956+0.939173622809797j),(-0.34344272625714956-0.939173622809797j)
6,-2.067853682799726,1.4910187349667732,47.46861997906856,3.021916510008997,17947987428.15033,(35895974856.30066+0j),(0.9997978071698739+0.050914567765474206j),(0.9997978071698739-0.050914567765474206j),(-7.1404875998015e-05+0j),(-0.4272839514191202+0.9041174839921164j),(-0.4272839514191202-0.9041174839921164j)
7,-2.0686909932737327,1.4922094503099437,47.4494862985479,3.021434428242762,17961400531.252243,(35922801062.504486+0j),(1.0630477428622496+0j),(0.9366770086914294+0j),(0.0003555242015925654+0j),(-0.5069935991312611+0.8619498189805589j),(-0.5069935991312611-0.8619498189805589j)
8,-2.0695315479438547,1.493405415812955,47.430360134536414,3.0209474567692345,17973268266.50479,(35946536533.00958+0j),(0.9998791128988195+0.1081845434572337j),(0.9998791128988195-0.1081845434572337j),(-5.395989710383283e-05+0j),(-0.5822249300403821+0.8130277552703818j),(-0.5822249300403821-0.8130277552703818j)
9,-2.0703753780468905,1.494606685360652,47.4112415980941,3.020455531231067,17983602377.818985,(35967204755.63797+0j),(1.0437864744140395+0j),(0.9551983590869604+0j),(0.0002164439291967491+0j),(-0.6526153326327295+0.757689400488823j),(-0.6526153326327295-0.757689400488823j)
10,-2.07122251549224,1.4958133140018264,47.39213080304168,3.01995858590318,17992415190.62229,(35984830381.24458+0j),(1.0001058900760689+0.045539098566979935j),(1.0001058900760689-0.045539098566979935j),(-0.00023047610871405663+0j),(-0.7177855826071058+0.6962642152242974j),(-0.7177855826071058-0.6962642152242974j)
11,-2.0720729928810138,1.4970253579825992,47.37302786605289,3.019456553652523,17999720069.630257,(35999440139.26051+0j),(1.0923828805748288+0j),(0.9080921391323984+0j),(0.00043592457817373916+0j),(-0.777339065102174+0.6290818530737128j),(-0.777339065102174-0.6290818530737128j)
12,-2.072926843525731,1.4982428747808711,47.35393290675052,3.0189493658964257,18005529971.747574,(36011059943.49515+0j),(1.0686910890833992+0j),(0.931523636967744+0j),(-0.00015714927290194012+0j),(-0.8308609953313093+0.55648001440989j),(-0.8308609953313093-0.55648001440989j)
13,-2.0737841014708205,1.499465923142188,47.33484604780665,3.0184369525592314,18009859164.97061,(36019718329.94122+0j),(1.041073960863455+0j),(0.9594352988354542+0j),(-0.00024283006347368535+0j),(-0.8779175258700981+0.4788118814009201j),(-0.8779175258700981-0.4788118814009201j)
14,-2.0746448015137813,1.5006945631167663,47.31576741504687,3.0179192420274528,18012721792.634445,(36025443585.26889+0j),(1.0003932199531573+0.10865131524218798j),(1.0003932199531573-0.10865131524218798j),(-0.0005763239308654135+0j),(-0.9180548715563954+0.3964533425412892j),(-0.9180548715563954-0.3964533425412892j)
15,-2.0755089792271484,1.501928856097979,47.29669713755912,3.017396161103059,18014132983.891907,(36028265967.78381+0j),(0.99993891207175+0.05406854548512327j),(0.99993891207175-0.05406854548512327j),(-0.00020507574627278086+0j),(-0.9507983366868995+0.30981046295109j),(-0.9507983366868995-0.30981046295109j)
16,-2.076376670981241,1.5031688648622117,47.27763534780704,3.0168676349550587,18014108088.427063,(36028216176.854126+0j),(1.1108048998686635+0j),(0.8886294725305944+0j),(0.0004979555437561236+0j),(-0.975651319653426+0.2193273864778439j),(-0.975651319653426-0.2193273864778439j)
17,-2.077247913967696,1.5044146536101464,47.25858218174822,3.0163335870691954,18012662948.577164,(36025325897.15433+0j),(1.0003777839161236+0.05231897490725839j),(1.0003777839161236-0.05231897490725839j),(-0.0002718028705043345+0j),(-0.9920942433710953+0.1254950687101164j),(-0.9920942433710953-0.1254950687101164j)
18,-2.0781227462239507,1.5056662880097051,47.239537778957576,3.0157939391956456,18009813936.472595,(36019627872.94519+0j),(0.9996305527563283+0.038232804106410966j),(0.9996305527563283-0.038232804106410966j),(0.00029226596289384267+0j),(-0.9995834295689998+0.02886117342931883j),(-0.9995834295689998-0.02886117342931883j)
19,-2.0790012066585244,1.506923835240468,47.220502282756094,3.01524861129468,18005577966.48056,(36011155932.96112+0j),(1.126258310137128+0j),(0.8732273450826098+0j),(0.0007962518850557903+0j),(-0.9975499088206041+0.06995841202217641j),(-0.9975499088206041-0.06995841202217641j)
20,-2.0798833350773105,1.5081873640398524,47.20147584034522,3.014697521480203,17999972098.00959,(35999944196.01918+0j),(1.0001235425788275+0.10478990046660915j),(1.0001235425788275-0.10478990046660915j),(-0.00041197013968120107+0j),(-0.9853981592954373+0.17026587343864868j),(-0.9853981592954373-0.17026587343864868j)
21,-2.0807691722107564,1.5094569447509474,47.1824586029471,3.014140585960999,17993014590.870483,(35986029181.74097+0j),(1.0489567724825142+0j),(0.9516505959461868+0j),(-0.000340426477150646+0j),(-0.9625047768168271+0.27126473159157116j),(-0.9625047768168271-0.27126473159157116j)
22,-2.0816587597421616,1.5107326493722868,47.16345072595126,3.0135777189796413,17984723516.436447,(35969447032.872894+0j),(1.0496259091663833+0j),(0.9501330181326051+0j),(0.00038348509886884614+0j),(-0.9282170569083474+0.37203910448384664j),(-0.9282170569083474-0.37203910448384664j)
23,-2.082552140336916,1.512014551609374,47.14445236906758,3.013008832748975,17975117547.84597,(35950235095.69194+0j),(0.9997342400764307+0.07188507160719053j),(0.9997342400764307-0.07188507160719053j),(0.00021680155899307614+0j),(-0.8818514988543469+0.4715272356598814j),(-0.8818514988543469-0.4715272356598814j)
24,-2.083449357672945,1.5133027269283417,47.12546369648647,3.0124338373859207,17964215979.514343,(35928431959.02869+0j),(1.0696538121800319+0j),(0.9293908973005685+0j),(0.0006549429213807247+0j),(-0.8226922212190904+0.5684870351610948j),(-0.8226922212190904-0.5684870351610948j)
25,-2.084350456472162,1.5145972526114777,47.10648487704594,3.0118526408427,17952038612.73725,(35904077225.4745+0j),(0.999565197095623+0.0853199656879254j),(0.999565197095623-0.0853199656879254j),(1.2215062841626272e-05+0j),(-0.7499892785487381+0.6614499845510915j),(-0.7499892785487381-0.6614499845510915j)
26,-2.0852554825333125,1.5158982078151917,47.08751608440684,3.011265148835071,17938605649.235046,(35877211298.47009+0j),(1.0000101499045368+0.015011452987380602j),(1.0000101499045368-0.015011452987380602j),(-2.529371411326929e-05+0j),(-0.6629568727273045+0.7486575885571877j),(-0.6629568727273045-0.7486575885571877j)
27,-2.086164482765834,1.5172056736299049,47.0685574972356,3.010671264767773,17923937569.175842,(35847875138.351685+0j),(1.0056065582199136+0j),(0.993698170366829+0j),(0.0004983011218548758+0j),(-0.560771450811894+0.8279706395488518j),(-0.560771450811894-0.8279706395488518j)
28,-2.0870775052251864,1.5185197331425588,47.04960929939584,3.010070889656661,17908055877.565826,(35816111755.13165+0j),(1.0002099962268973+0.07848695016797033j),(1.0002099962268973-0.07848695016797033j),(-0.0001824765001559598+0j),(-0.4425697155110705+0.8967341004517437j),(-0.4425697155110705-0.8967341004517437j)
29,-2.0879945991494275,1.5198404715014002,47.0306716801488,3.009463922047745,17890981910.39792,(35781963820.79584+0j),(1.1059630347751357+0j),(0.8944023178046608+0j),(4.0492670999755174e-05+0j),(-0.3074464450073404+0.9515653858001127j),(-0.3074464450073404-0.9515653858001127j)
30,-2.0889158149972404,1.5211679759834211,47.011744834363206,3.00885025793267,17872737965.576553,(35745475931.15311+0j),(1.0001495719927327+0.0967016011093624j),(1.0001495719927327-0.0967016011093624j),(-0.0006576590774802332+0j),(-0.15445225722354+0.9880002531574582j),(-0.15445225722354-0.9880002531574582j)
31,-2.089841204487436,1.5225023360644698,46.99282896273516,3.0082297906606517,17853346648.80587,(35706693297.61174+0j),(1.0812305211249775+0j),(0.9191087212845258+0j),(1.7880238338108108e-05+0j),(0.01740883457121428+0.9998484547567735j),(0.01740883457121428-0.9998484547567735j)
32,-2.09077082063994,1.5238436434921012,46.973924272018365,3.007602410846639,17832831110.127533,(35665662220.255066+0j),(1.044317025600756+0j),(0.9559528416162331+0j),(-0.0002874107796584585+0j),(0.2091819883130072+0.9778767283078511j),(0.2091819883130072-0.9778767283078511j)
33,-2.091704717818399,1.525191992361389,46.95503097526561,3.0069680062754887,17811214947.718475,(35622429895.43695+0j),(1.0721782175130359+0j),(0.928217896140993+0j),(-0.00015722862920983433+0j),(0.42196428128642277+0.9066124559695067j),(0.42196428128642277-0.9066124559695067j)
34,-2.0926429517744705,1.52654747919381,46.93614929208182,3.0063264618019763,17788522335.138527,(35577044670.277054+0j),(1.0900304134093173+0j),(0.910295786282806+0j),(-0.0002177658279127175+0j),(0.6569076247147678+0.7539710688031871j),(0.6569076247147678-0.7539710688031871j)
35,-2.093585579693794,1.5279102030192608,46.91727944888957,3.0056776592464334,17764777819.9217,(35529555639.8434+0j),(1.0644195421952531+0j),(0.935973535212085+0j),(-0.00023742561566781616+0j),(0.9152218926068199+0.4029502293011476j),(0.9152218926068199-0.4029502293011476j)
36,-2.094532660243768,1.5292802654613942,46.89842167920744,3.0050214772858155,17740006684.718185,(35480013369.43637+0j),(0.0004137165616668881+0j),(0.9746995815930527+0j),(1.0245780585524682+0j),(1.8582017326449565+0j),(0.5381547021685564+0j)
37,-2.0954842536232707,1.5306577708265343,46.87957622394242,3.0043577913398694,17714234616.247932,(35428469232.495865+0j),(8.237104938732406e-06+0j),(1.0000267780687122+0.05447088070432089j),(1.0000267780687122-0.05447088070432089j),(2.6346710996873366+0j),(0.37955401724307575+0j)
38,-2.096440421614264,1.5320428261961156,46.86074333169671,3.0036864734522895,17687487848.19258,(35374975696.38516+0j),(1.0596105321131652+0j),(0.9404377596890674+0j),(-0.00016847954333325314+0j),(3.392052166492398+0j),(0.2948067868409935+0j)
39,-2.0974012276354723,1.533435541522976,46.84192325908986,3.0030073921664866,17659793266.566048,(35319586533.132095+0j),(1.0000989441267303+0.08924364614358841j),(1.0000989441267303-0.08924364614358841j),(-0.0003308054646466145+0j),(4.177855057260642+0j),(0.23935727455715577+0j)
40,-2.098366736798152,1.5348360297315466,46.82311627109733,3.0023204123958127,17631178026.25512,(35262356052.51024+0j),(1.0004250388189417+0.05392504518327303j),(1.0004250388189417-0.05392504518327303j),(-0.0003900528249041592+0j),(5.0087427269836935+0j),(0.1996509013356294+0j)
41,-2.0993370159641405,1.5362444068223204,46.8043226414063,3.0016253952877414,17601670490.533737,(35203340981.067474+0j),(1.0000133007587415+0.055796567467625326j),(1.0000133007587415-0.055796567467625326j),(-8.505239360826746e-05+0j),(5.89401047985+0j),(0.1696637634797772+0j)
42,-2.10031213380616,1.5376607919805334,46.78554265278958,3.0009221980819873,17571298857.353607,(35142597714.707214+0j),(1.0447436847319733+0j),(0.9548995246626718+0j),(0.0003670144875605798+0j),(6.840306518871638+0j),(0.14619227913862237+0j)
43,-2.101292160870493,1.5390853076893636,46.766776597498826,3.0002106739620005,17540092553.254745,(35080185106.50949+0j),(1.0358734570569388+0j),(0.9646086691049265+0j),(-0.00020033891231303902+0j),(7.853158092731573+0j),(0.12733730662141232+0j)
44,-2.102277169642224,1.5405180798479388,46.74802477767835,2.999490671899593,17508081216.32318,(35016162432.64636+0j),(1.0782810366493143+0j),(0.9217566807882894+0j),(-6.967003018020731e-05+0j),(8.937600374483042+0j),(0.11188685531920395+0j)
45,-2.103267234612991,1.5419592378941578,46.72928750580032,2.9987620364923333,17475295457.887314,(34950590915.77463+0j),(0.9999987534434077+0.06639721970483446j),(0.9999987534434077-0.06639721970483446j),(-8.417293775292057e-05+0j),(10.098479699405523+0j),(0.09902480668049815+0j)
46,-2.104262432351542,1.5434089149327996,46.71056510512313,2.998024607793312,17441766343.456886,(34883532686.91377+0j),(1.0908990935135592+0j),(0.9087061372451207+0j),(0.0004923938841941397+0j),(11.34061905432807+0j),(0.08817860781761612+0j)
47,-2.1052628415769563,1.5448672478688268,46.69185791017384,2.997278221132876,17407525814.86341,(34815051629.72682+0j),(1.080880870740362+0j),(0.9191515934358573+0j),(0.00012689642778739688+0j),(12.66891787941397+0j),(0.07893333980998712+0j)
48,-2.1062685432349,1.5463343775464409,46.67316626725653,2.9965227069319256,17372606481.747055,(34745212963.49411+0j),(1.0570507300101195+0j),(0.9427818586175172+0j),(9.224691338933102e-05+0j),(14.088418588240225+0j),(0.07098028737130978+0j)
49,-2.107279620576871,1.5478104488939557,46.6544905349879,2.9957578905062587,17337041590.57534,(34674083181.15068+0j),(0.999901791063966+0.06169390904391102j),(0.999901791063966-0.06169390904391102j),(2.6467436198371727e-05+0j),(15.604355000561286+0j),(0.06408467379553394+0j)
50,-2.108296159242483,1.5492956110746223,46.63583108486162,2.994983591861632,17300865496.859947,(34601730993.719894+0j),(1.1094126699188263+0j),(0.8908116013955871+0j),(0.00021834317305956228+0j),(17.222190567788036+0j),(0.05806462285180965+0j)
51,-2.1093182473451573,1.5507900176440268,46.61718830184377,2.994199625478838,17264113071.31395,(34528226142.6279+0j),(1.00027803388092+0.04644132079651312j),(1.00027803388092-0.04644132079651312j),(-0.000244889885284573+0j),(18.94765144500541+0j),(0.05277698942810819+0j)
52,-2.110345975560986,1.5522938267138289,46.59856258500023,2.993405800088507,17226820181.64296,(34453640363.28592+0j),(1.0003359128691183+0.07101642040924398j),(1.0003359128691183-0.07101642040924398j),(-0.0004868975836758842+0j),(20.786756229170944+0j),(0.048107554106844+0j)
53,-2.1113794372212418,1.5538072011226352,46.57995434815928,2.992601918434819,17189023657.465195,(34378047314.93039+0j),(1.0260691235851602+0j),(0.9738885745989568+0j),(0.00012651748562137315+0j),(22.745844580786077+0j),(0.04396407424877345+0j)
54,-2.112418728408365,1.5553303086138512,46.561364020610334,2.9917877770277816,17150761234.422125,(34301522468.844246+0j),(1.0527485159420302+0j),(0.9473916696478579+0j),(-0.0002442226336579319+0j),(24.831605631650607+0j),(0.040271258122993425+0j)
55,-2.113463948055736,1.5568633220210963,46.54279204784192,2.990963165883285,17112071667.822647,(34224143335.645294+0j),(0.9999753705554946+0.05494909340525748j),(0.9999753705554946-0.05494909340525748j),(0.0001637543071896009+0j),(27.051106832741226+0j),(0.03696706409033947+0j)
56,-2.1145151980510244,1.5584064194610046,46.52423889232017,2.9901278682505033,17072994762.963717,(34145989525.92743+0j),(1.0666188217866903+0j),(0.933287045348367+0j),(0.00021901255011880723+0j),(29.411823907834094+0j),(0.03399993156270507+0j)
57,-2.115572583343837,1.559959784534571,46.5057050343124,2.989281660325566,17033571554.800262,(34067143109.600525+0j),(1.0000290189045986+0.027756565707999118j),(1.0000290189045986-0.027756565707999118j),(6.335420186144055e-06+0j),(31.92167224136621+0j),(0.03132667964382917+0j)
58,-2.116636212056996,1.561523606536224,46.48719097275576,2.9884243109513426,16993843981.619286,(33987687963.23857+0j),(1.0001279482573218+0.046111799272507706j),(1.0001279482573218-0.046111799272507706j),(-0.0002597731224143169+0j),(34.58904042931027+0j),(0.028910891646278383+0j)
59,-2.117706195602145,1.5630980806718051,46.468697226176126,2.9875555813020687,16953855666.823423,(33907711333.64685+0j),(1.0209829401861477+0j),(0.9789243185873163+0j),(9.392999502460109e-05+0j),(37.422825460640134+0j),(0.026721659513723132+0j)
60,-2.1187826487994466,1.5646834082852266,46.45022433365888,2.986675224552431,16913651117.333382,(33827302234.666763+0j),(1.0130739629734138+0j),(0.9870280381525111+0j),(4.7866922937078005e-05+0j),(40.432471337760624+0j),(0.024732596522401087+0j)
61,-2.1198656900014963,1.5662797970942113,46.43177285587514,2.9857829855300415,16873276560.14874,(33746553120.297478+0j),(1.0000201173414731+0.010627370616059399j),(1.0000201173414731-0.010627370616059399j),(-7.682234743887637e-05+0j),(43.62800966214347+0j),(0.02292105479357647+0j)
62,-2.1209554412216867,1.567887461435577,46.41334337616741,2.984878600350561,16832779595.79499,(33665559191.58998+0j),(1.0002483621888878+0.04940149577739849j),(1.0002483621888878-0.04940149577739849j),(-0.0003408629687778628+0j),(47.02010412329384+0j),(0.02126749862949214+0j)
63,-2.1220520282666766,1.569506622519795,46.394936501696776,2.983961796034677,16792209412.372616,(33584418824.74523+0j),(1.0001647211912026+0.045325616077174696j),(1.0001647211912026-0.045325616077174696j),(50.62009824266252+0j),(-0.0001604113065900983+0j),(0.01975499919432642+0j)
64,-2.1231555808734064,1.5711375086956547,46.37655286465703,2.9830322901057715,16751616907.9283,(33503233815.856598+0j),(1.0533890407641449+0j),(0.9465500295480167+0j),(1.3688850419224497e-05+0j),(54.440067124717686+0j),(0.01836882378762323+0j)
65,-2.1242662328503337,1.572780355724739,46.35819312355856,2.982089790167649,16711054795.047668,(33422109590.095337+0j),(1.0001125773273496+0.04653791261680839j),(1.0001125773273496-0.04653791261680839j),(58.49287358057332+0j),(-0.0001415880631300178+0j),(0.01709609972611168+0j)
66,-2.1253841222229166,1.5744354070660336,46.33985796458642,2.981133993461116,16670577757.555525,(33341155515.111046+0j),(1.004886142749608+0j),(0.9949398277417656+0j),(0.00013906551212042634+0j),(62.79222902281086+0j),(0.015925537531676172+0j)
67,-2.126509391383357,1.5761029141708605,46.32154810303722,2.9801645863985353,16630242336.934818,(33260484673.869637+0j),(1.0001577677745628+0.0073429986436306695j),(1.0001577677745628-0.0073429986436306695j),(-0.00018487798361834976+0j),(67.35275985291288+0j),(0.014847201542810249+0j)
68,-2.1276421872443745,1.5777831367881152,46.30326428483917,2.9791812440752006,16590107627.070358,(33180215254.140717+0j),(1.000172481137624+0.02192737367089277j),(1.000172481137624-0.02192737367089277j),(72.19007907281694+0j),(-0.00014089821716247732+0j),(0.013852318945266326+0j)
69,-2.128782661396589,1.579476343279384,46.28500728815908,2.9781836297568995,16550234592.748783,(33100469185.497566+0j),(1.0135376196911006+0j),(0.985887512629283+0j),(0.0003516078255509948+0j),(77.32086533854658+0j),(0.01293311961294716+0j)
70,-2.1299309702699727,1.5811828109449622,46.26677792510377,2.977171394341836,16510687106.450945,(33021374212.901886+0j),(1.0325456494058145+0j),(0.9674025888129867+0j),(82.76294776671729+0j),(2.1783269544941307e-05+0j),(0.012082701583059683+0j)
71,-2.1310872752978383,1.5829028263587626,46.248577043516846,2.9761441757969997,16471531601.52478,(32943063203.04956+0j),(0.999992487468851+0.017130575880374484j),(0.999992487468851-0.017130575880374484j),(-9.392156885129561e-05+0j),(88.53539956366787+0j),(0.011294917117089028+0j)
72,-2.1322517430842804,1.584636685713807,46.23040552888048,2.975101598566743,16432837426.787552,(32865674853.575104+0j),(1.000156362964655+0.044553402987868695j),(1.000156362964655-0.044553402987868695j),(94.6586396804888+0j),(-0.000232803176562824+0j),(0.01056427604891353+0j)
73,-2.133424545573437,1.5863846951761782,46.212264306323696,2.9740432729535957,16394676867.684725,(32789353735.369446+0j),(1.0413190313328604+0j),(0.9585464523258616+0j),(101.15454416814251+0j),(0.00013354467307934766+0j),(0.009885863341330067+0j)
74,-2.1346058602204074,1.588147171247592,46.19415434274448,2.9729687944697663,16357125806.882782,(32714251613.765564+0j),(1.04167963331412+0j),(0.958012128032841+0j),(0.00014165697008447148+0j),(108.04656740240114+0j),(0.009255268575774448+0j)
75,-2.135795870163,1.5899244411356357,46.17607664905017,2.971877743158697,16320263486.19521,(32640526972.39042+0j),(1.0340203827655425+0j),(0.96616890013616+0j),(2.075404209507754e-05+0j),(115.35987553639204+0j),(0.008668525302685073+0j)
76,-2.13699476439318,1.5917168431304527,46.158032282521496,2.9707696828857846,16284173218.083649,(32568346436.167297+0j),(1.000232236052169+0.03775114909825114j),(1.000232236052169-0.03775114909825114j),(-0.00039311836550790424+0j),(123.1214918223761+0j),(0.008122058831461164+0j)
77,-2.1382027379271493,1.5935247269866004,46.140022349305006,2.969644160597727,16248942204.398603,(32497884408.79721+0j),(1.0355843986639037+0j),(0.9644937066489586+0j),(-1.940556845014537e-05+0j),(131.36045668495748+0j),(0.0076126410126497535+0j)
78,-2.139419991972413,1.5953484543080982,46.12204800703784,2.9685007055499755,16214662374.242785,(32429324748.485565+0j),(0.9999130111496934+0.051501098285742695j),(0.9999130111496934-0.051501098285742695j),(140.1080023761917+0j),(-1.981133462940152e-05+0j),(0.007137351065186899+0j)
79,-2.140646734090589,1.5971883989351563,46.1041104676102,2.967338828501868,16181430273.585476,(32362860547.17095+0j),(1.0240765115980888+0j),(0.9759017349439443+0j),(-3.0181009507605818e-05+0j),(149.39774553294916+0j),(0.006693541434870577+0j)
80,-2.141883178353573,1.599044947329497,46.08621100006772,2.9661580208795977,16149347882.962448,(32298695765.924896+0j),(1.0353357936609575+0j),(0.9648395951273037+0j),(159.26589783346088+0j),(-6.775976575669117e-05+0j),(0.006278808041150399+0j)
81,-2.143129545490863,1.6009184989553744,46.06835093365608,2.9649577539073464,16118522607.53436,(32237045215.068718+0j),(1.0669253518404829+0j),(0.9335782464404887+0j),(169.7514982576909+0j),(-0.00016018438568214568+0j),(0.005890964205109158+0j)
82,-2.144386063025462,1.6028094666528805,46.05053166101,2.9637374777070264,16089068084.500156,(32178136169.000313+0j),(0.9999020250316586+0.044420106915165326j),(0.9999020250316586-0.044420106915165326j),(0.00010443908246331185+0j),(180.89666778910853+0j),(0.005528017802772367+0j)
83,-2.145652965394936,1.6047182769988175,46.03275464148501,2.9624966203681815,16061104417.782074,(32122208835.564148+0j),(1.0229153928268122+0j),(0.9771759343444015+0j),(-4.724039550698617e-05+0j),(192.7468901830034+0j),(0.0051881511502091535+0j)
84,-2.146930494054232,1.6066453706504793,46.01502140463106,2.9612345869893684,16034758984.778244,(32069517969.556488+0j),(1.031742969675053+0j),(0.9684648205895228+0j),(205.35132062438257+0j),(-7.781181619450195e-05+0j),(0.004869703281940551+0j)
85,-2.1482188975554903,1.6085912026655202,45.99733355380076,2.9599507586942058,16010166687.582596,(32020333375.16519+0j),(1.0000075572472733+0.05484333093607628j),(1.0000075572472733-0.05484333093607628j),(-6.198124933423489e-05+0j),(218.76312615952168+0j),(0.004571154277968859+0j)
86,-2.149518431600682,1.6105562427921052,45.97969276988788,2.9586444916242898,15987471059.939114,(31974942119.878227+0j),(0.9999057224901499+0.0484368418049227j),(0.9999057224901499-0.0484368418049227j),(6.398592681495007e-05+0j),(233.03986026179803+0j),(0.00429111139559432+0j)
87,-2.150829359060149,1.6125409757191238,45.96210081517925,2.957315115914873,15966824443.733398,(31933648887.466797+0j),(1.0593155725298569+0j),(0.9410273475344775+0j),(-0.00011402580614866084+0j),(248.24387643811846+0j),(0.004028296747327392+0j)
88,-2.1521519499518824,1.614545901279033,45.94455953730912,2.9559619346571258,15948389214.59316,(31896778429.186317+0j),(0.9999962897634762+0.030714397113868534j),(0.9999962897634762-0.030714397113868534j),(264.44278371335196+0j),(1.4367377235183212e-05+0j),(0.003781536353365506+0j)
89,-2.1534864813728367,1.6165715345903473,45.92707087328944,2.954584222855158,15932338422.106049,(31864676844.212097+0j),(0.9999538117578859+0.026858484718765133j),(0.9999538117578859-0.026858484718765133j),(281.70994953039303+0j),(6.35061662568424e-05+0j),(0.0035497503785940367+0j)
90,-2.1548332373742194,1.618618406127648,45.90963685358885,2.9531812263858854,15918856605.136044,(31837713210.272087+0j),(1.0120409744064398+0j),(0.988041778612595+0j),(-0.00011216188422023905+0j),(300.1250544808759+0j),(0.003331944418081819+0j)
91,-2.1561925087708858,1.6206870617042008,45.89225960622304,2.9517521609720374,15908141184.093094,(31816282368.186188+0j),(1.0213896539649028+0j),(0.9786760708261216+0j),(-7.662464284343685e-05+0j),(319.7747043615686+0j),(0.003127201702803454+0j)
92,-2.1575645928733493,1.6227780623494827,45.87494136080744,2.9502962111816036,15900403109.87178,(31800806219.74356+0j),(340.7531057511868+0j),(1.039511420953285+0j),(0.960442763662511+0j),(1.2651118642143965e-05+0j),(0.0029346761133414033+0j)
93,-2.158949793130456,1.6248919840631422,45.85768445251597,2.9488125294681025,15895868415.703384,(31791736831.40677+0j),(363.1628112854896+0j),(1.0000935173737893+0.04594819809419516j),(1.0000935173737893-0.04594819809419516j),(-0.00019191078492935342+0j),(0.002753585909460929+0j)
94,-2.1603484186677626,1.627029417421974,45.84049132586934,2.947300235270751,15894779415.129028,(31789558830.258057+0j),(387.11554186226783+0j),(0.9999658471781585+0.032743320645147095j),(0.9999658471781585-0.032743320645147095j),(6.008604383968677e-05+0j),(0.0025832080912558944+0j)
95,-2.1617607837063813,1.62919096701578,45.82336453826572,2.9457584141953936,15897396128.73449,(31794792257.46898+0j),(1.0001024986508873+0.04511662752822863j),(1.0001024986508873-0.04511662752822863j),(412.733093192395+0j),(-0.00010925799674977775+0j),(0.002422873320558182+0j)
96,-2.1631872068440186,1.6313772506829378,45.80630676314274,2.9441861173021295,15903997921.04781,(31807995842.09562+0j),(440.1483348957875+0j),(1.0490817976671316+0j),(0.950894977659324+0j),(5.5270595427734974e-05+0j),(0.002271961338289551+0j)
97,-2.164628010179122,1.63358889851485,45.78932079264134,2.9425823605285393,15914885260.323658,(31829770520.647316+0j),(469.506310725366+0j),(1.0176460632273503+0j),(0.982168587768138+0j),(0.00012220855846720435+0j),(0.0021298968238654095+0j)
98,-2.166083518256027,1.6358265515931387,45.77240953961181,2.9409461242836463,15930381544.070473,(31860763088.140945+0j),(0.9999975731516484+0.01250347844414827j),(0.9999975731516484-0.01250347844414827j),(-9.897178928276311e-05+0j),(500.96544874803124+0j),(0.0019961456473870922+0j)
99,-2.167554056807972,1.6380908604213644,45.7555760387768,2.939276353251509,15950835126.43399,(31901670252.86798+0j),(534.6988908600205+0j),(1.0000085126502238+0.04490854734327957j),(1.0000085126502238-0.04490854734327957j),(-4.5201329407362556e-05+0j),(0.001870211472448757+0j)
100,-2.169039951272348,1.640382483008299,45.73882344682938,2.937571956450117,15976621773.961952,(31953243547.923904+0j),(570.89595171181+0j),(1.0408349427392807+0j),(0.9591998673376743+0j),(5.8284699416947894e-05+0j),(0.0017516326696287291+0j)
101,-2.1705415250511377,1.6427020825568586,45.7221550412086,2.935831807596531,16008146958.815102,(32016293917.630203+0j),(609.7637153063971+0j),(1.045164799227475+0j),(0.9548877132480588+0j),(-5.691772278621048e-06+0j),(0.0016399795115199008+0j)
102,-2.172059097487604,1.6450503247086703,45.705574217250046,2.934054745836686,16045848491.765968,(32091696983.531937+0j),(651.5287788715617+0j),(1.0341690220499693+0j),(0.9658206554228324+0j),(6.51336000272816e-05+0j),(0.0015348516174140906+0j)
103,-2.1735929815304265,1.6474278742934914,45.689084483369896,2.932239576902803,16090199616.916138,(32180399233.832275+0j),(696.439153254419+0j),(0.9999507159248774+0.044861123216291175j),(0.9999507159248774-0.044861123216291175j),(-2.72601875861561e-05+0j),(0.001435875618557767+0j)
104,-2.175143481054477,1.6498353915280608,45.672689453883535,2.93038507477047,16141711922.904198,(32283423845.808395+0j),(744.7663241926374+0j),(1.0214836869816475+0j),(0.978564880662287+0j),(-9.776592140024908e-05+0j),(0.00134270302978171+0j)
105,-2.176710887808906,1.6522735276099252,45.65639283901418,2.9284899838919065,16200938949.910282,(32401877899.820564+0j),(796.8074827063208+0j),(1.018708003682562+0j),(0.9814750846780553+0j),(-0.00010435650749463594+0j),(0.0012550082946467356+0j)
106,-2.17829547796582,1.6547429196540968,45.64019843160088,2.926553022086561,16268479777.302052,(32536959554.604103+0j),(852.8879238258222+0j),(1.0000191057794732+0.020325717935484603j),(1.0000191057794732-0.020325717935484603j),(-1.0867986065447408e-05+0j),(0.0011724869963136725+0j)
107,-2.179897508243091,1.657244184919055,45.624110089951074,2.924572884177766,16344982920.8853,(32689965841.7706+0j),(913.3636126078737+0j),(1.0000189780034887+0.0261161618742707j),(1.0000189780034887-0.0261161618742707j),(-3.743004988063375e-05+0j),(0.0010948542136692107+0j)
108,-2.181517211583206,1.6597779142797648,45.60813171625826,2.9225482464624357,16431150689.921871,(32862301379.843742+0j),(978.6239118391507+0j),(1.0000311301947855+0.015851393654084143j),(1.0000311301947855-0.015851393654084143j),(-6.163481534754278e-05+0j),(0.0010218430060582116+0j)
109,-2.183154792374754,1.6623446649107188,45.59226722995728,2.920477772103755,16527743591.863035,(33055487183.726074+0j),(1049.094454200429+0j),(1.0299977001976421+0j),(0.9699543611041227+0j),(1.8814423823387077e-05+0j),(0.0009532030180614306+0j)
110,-2.1848104212132813,1.6649449521558664,45.576520535374975,2.9183601175329765,16635585152.53291,(33271170305.06582+0j),(1125.2401386230304+0j),(0.9999311782473715+0.023414489086920367j),(0.9999311782473715-0.023414489086920367j),(8.369177451333302e-05+0j),(0.0008886991901826461+0j)
111,-2.186484229211976,1.6675792405819478,45.56089548304394,2.9161939399373367,16755567240.888206,(33511134481.776413+0j),(1207.5682199683379+0j),(1.0384338528364074+0j),(0.9616518082817921+0j),(-2.751846115209987e-05+0j),(0.0008281105642329088+0j)
112,-2.1881763018866867,1.6702479342320204,45.54539582407192,2.9139779059007087,16888655087.696472,(33777310175.392944+0j),(1296.6314346907707+0j),(1.0180528357325522+0j),(0.9818027729315302+0j),(6.96728688008752e-05+0j),(0.0007712291811391987+0j)
113,-2.189886672659408,1.6729513661254796,45.53002515703773,2.911710701244097,17035893110.55254,(34071786221.10508+0j),(1393.0311133117436+0j),(1.000029083124375+0.020044674300677565j),(1.000029083124375-0.020044674300677565j),(-2.6782989799688956e-05+0j),(0.0007178590558503481+0j)
114,-2.1916153160467977,1.6756897870853331,45.51478686700985,2.909391042087269,17198410686.331482,(34396821372.662964+0j),(1497.4201881535614+0j),(0.9999633140055486+0.03186047219800644j),(0.9999633140055486-0.03186047219800644j),(4.4802506265575424e-05+0j),(0.0006678152250185548+0j)
115,-2.193362140624108,1.6784633540107796,45.4996840564602,2.9070176871221345,17377428194.4162,(34754856388.8324+0j),(1610.505997055542+0j),(1.0282444012667524+0j),(0.9718002369421307+0j),(3.305192872056457e-05+0j),(0.0006209228660759301+0j)
116,-2.1951269818829338,1.681272117758282,45.48471946810402,2.9045894510468653,17574263101.4526,(35148526202.9052+0j),(1733.052751255109+0j),(1.0000733276051261+0.0285824211456367j),(1.0000733276051261-0.0285824211456367j),(-8.779521186729562e-05+0j),(0.0005770164810447371+0j)
117,-2.196909595127758,1.6841160108381388,45.46989540001474,2.902105219065385,17790336274.02539,(35580672548.05078+0j),(1865.883516831172+0j),(0.9999582022727889+0.03165379931767359j),(0.9999582022727889-0.03165379931767359j),(-3.087480127601751e-05+0j),(0.0005359391361183895+0j)
118,-2.1987096485852144,1.6869948351826654,45.4552136137781,2.8995639623024645,18027177962.25322,(36054355924.50644+0j),(2009.8815105315318+0j),(0.9999967030273176+0.02886479882210915j),(0.9999967030273176-0.02886479882210915j),(-1.6198498103207734e-05+0j),(0.0004975417676841805+0j)
119,-2.200526716921944,1.689908250281725,45.44067523691122,2.896964753932404,18286434238.86222,(36572868477.72444+0j),(2165.990517664076+0j),(1.0172582331353235+0j),(0.9826088701101656+0j),(6.375026288524216e-05+0j),(0.00046168253814446827+0j)
120,-2.2023602753901046,1.692855762024427,45.42628066133818,2.8943067857585043,18569872741.871628,(37139745483.743256+0j),(2335.2141525612515+0j),(1.0000329501531247+0.018577224009742842j),(1.0000329501531247-0.018577224009742842j),(-7.592100577924283e-05+0j),(0.0004282262503810911+0j)
121,-2.204209694828072,1.6958367126073357,45.41202944027346,2.8915893849319154,18879388373.334618,(37758776746.669235+0j),(2518.613703666606+0j),(1.0281348271544148+0j),(0.9718991351082846+0j),(-4.914559623008085e-05+0j),(0.0003970438177300665+0j)
122,-2.2060742377494527,1.6988502718878036,45.39792018648317,2.8888120304477627,19217008624.489,(38434017248.978+0j),(2717.3042533462085+0j),(1.0000640359930415+0.03593385428953846j),(1.0000640359930415-0.03593385428953846j),(-0.0001604357533513944+0j),(0.0003680117890009272+0j)
123,-2.2079530557417586,1.7018954305528329,45.38395047544445,2.885974369024721,19584898259.66476,(39169796519.32951+0j),(2932.4487370292745+0j),(1.000003844899336+0.003742611075202522j),(1.000003844899336-0.003742611075202522j),(-2.9927492733415535e-05+0j),(0.0003410119288657797+0j)
124,-2.209845188375447,1.7049709954523553,45.37011675742196,2.883076229951506,19985363527.045944,(39970727054.09189+0j),(3165.2496169555734+0j),(1.0000554766535594+0.02596643970536073j),(1.0000554766535594-0.02596643970536073j),(-5.05875690578761e-05+0j),(0.00031593084924503694+0j)
125,-2.211749563786604,1.7080755873973277,45.35641428281416,2.880117638485452,20420855444.963814,(40841710889.92763+0j),(3416.937812642345+0j),(1.0000216571688656+0.02045925781678376j),(1.0000216571688656-0.02045925781678376j),(-7.389828379571213e-05+0j),(0.00029265970188429105+0j)
126,-2.2136650010500434,1.711207641659847,45.34283704528279,2.877098827404459,20893972287.412567,(41787944574.825134+0j),(3688.7585745430883+0j),(1.0000415195664334+0.012739664899405152j),(1.0000415195664334-0.012739664899405152j),(9.300383890969495e-06+0j),(0.00027109391422876526+0j)
127,-2.2155902144016903,1.7143654113294435,45.329377747075576,2.874020246353227,21407460925.158623,(42814921850.317245+0j),(3981.953990269562+0j),(0.9999996528476431+0.011382426045510577j),(0.9999996528476431-0.011382426045510577j),(-6.256929424564318e-05+0j),(0.0002511329874234492+0j)
128,-2.217523819306636,1.7175469735876436,45.31602779057002,2.8708825686790225,21964217148.509453,(43928434297.018906+0j),(4297.741899285671+0j),(1.0127744395671117+0j),(0.9873359160366336+0j),(-5.870142012599861e-05+0j),(0.0002326803294483757+0j)
129,-2.2194643403061645,1.7207502388674447,45.302777299380566,2.8676866955185787,22567284547.93008,(45134569095.86015+0j),(4637.291024209354+0j),(1.0200778443294085+0j),(0.9798273314244805+0j),(3.2100215532089525e-05+0j),(0.00021564314008252455+0j)
130,-2.2214102205170625,1.723972962771084,45.28961517137891,2.864433756972351,23219851976.93138,(46439703953.86276+0j),(5001.692258565392+0j),(1.0202381770187352+0j),(0.9796571365686911+0j),(0.00010779502186211446+0j),(0.00019993233239305988+0j)
131,-2.223359832607465,1.7272127605412586,45.276529164742605,2.861125110272751,23925249619.732635,(47850499239.46527+0j),(0.9999348776138349+0.023216679154882597j),(0.9999348776138349-0.023216679154882597j),(5391.926189187295+0j),(9.376130533087763e-05+0j),(0.00018546247934118424+0j)
132,-2.225311491034545,1.7304671238162117,45.263506016700056,2.8577623349209946,24686943076.46946,(49373886152.93892+0j),(5808.826998342151+0j),(1.015769884650757+0j),(0.9842136514686388+0j),(8.752113228222716e-05+0j),(0.0001721517959891928+0j)
133,-2.22726346530356,1.7337334393534016,45.2505315930815,2.854347224825684,25508526237.99494,(51017052475.98988+0j),(6253.043238981479+0j),(0.9999604763109183+0.026671768661361183j),(0.9999604763109183-0.026671768661361183j),(-5.04141841714172e-05+0j),(0.00015992213028711238+0j)
134,-2.229213993999333,1.7370090093868844,45.23759106526369,2.850881777517046,26393712067.184044,(52787424134.36809+0j),(6724.9959457942405+0j),(1.0000594191298546+0.029069345427149573j),(1.0000594191298546-0.029069345427149573j),(-0.00013768608203641893+0j),(0.00014869897429496543+0j)
135,-2.2311612993369363,1.7402910732689334,45.22466910962452,2.8473681805529276,27346321598.7481,(54692643197.4962+0j),(7224.8348746880065+0j),(1.0000153153798745+0.021211305351956145j),(1.0000153153798745-0.021211305351956145j),(-6.845369581719678e-06+0j),(0.00013841146742174713+0j)
136,-2.233103601986263,1.743576830050339,45.21175012341546,2.8438087952616824,28370271795.43535,(56740543590.8707+0j),(7752.3939556701625+0j),(1.022583048369964+0j),(0.9774699222229312+0j),(1.9704376876153823e-05+0j),(0.0001289924122729692+0j)
137,-2.235039135934397,1.74686346165854,45.1988184500465,2.840206137999624,29469561669.16867,(58939123338.33734+0j),(8307.146990542207+0j),(1.0000639502669237+0.029200399713886157j),(1.0000639502669237-0.029200399713886157j),(-0.00012514165961374928+0j),(0.00012037827236580685+0j)
138,-2.236966163159158,1.7501481563365708,45.18585860625291,2.8365628591383993,30648256650.768883,(61296513301.537766+0j),(8888.164802761592+0j),(1.0120786350081412+0j),(0.9879735051267766+0j),(1.218202951942514e-05+0j),(0.0001125091650958407+0j)
139,-2.238882987890756,1.753428131998466,45.17285550348121,2.832881720051072,31910473163.57927,(63820946327.15854+0j),(9494.075660693527+0j),(0.9999845836864484+0.012304813440833572j),(0.9999845836864484-0.012304813440833572j),(-5.5047117327276e-06+0j),(0.00010532884225221753+0j)
140,-2.240787970245229,1.7567006591532133,45.15979465618826,2.8291655684199633,33260361645.121475,(66520723290.24295+0j),(10123.029950564662+0j),(0.9999556807671466+0.020646888266388354j),(0.9999556807671466-0.020646888266388354j),(5.341962543762739e-05+0j),(9.878465246336108e-05+0j)
141,-2.2426795390135204,1.7599630830338635,45.14666237046626,2.82541731225942,34702089655.62042,(69404179311.24084+0j),(10772.670816149313+0j),(1.0000269491924385+0.021878029185877248j),(1.0000269491924385-0.021878029185877248j),(-5.073346647089885e-05+0j),(9.282749060340493e-05+0j)
142,-2.244556203390162,1.7632128445513695,45.13344590746178,2.8216398931229874,36239825478.210266,(72479650956.42053+0j),(11440.11215616804+0j),(1.0345496965477292+0j),(0.9654350332581512+0j),(-1.558736415552898e-06+0j),(8.741173175796907e-05+0j)
143,-2.2464165634384488,1.766447499696997,45.12013361745316,2.817836259018707,37877722088.4308,(75755444176.8616+0j),(12121.92500429329+0j),(1.0161295592225525+0j),(0.983704822701687+0j),(0.00012573594774063738+0j),(8.2495147883217e-05+0j)
144,-2.2482593190998847,1.7696647370181462,45.10671504191526,2.814009337613685,39619902473.70174,(79239804947.40347+0j),(12814.133451085358+0j),(0.9999870993807614+0.031817769494162616j),(0.9999870993807614-0.031817769494162616j),(-1.5542924888488236e-05+0j),(7.80388327893169e-05+0j)
145,-2.2500832775844977,1.772862392825003,45.09318098248741,2.8101620103277023,41470446165.92044,(82940892331.84088+0j),(13512.220641991276+0j),(1.0245755572674469+0j),(0.9754468817973205+0j),(-3.7526031516296964e-05+0j),(7.400708103188472e-05+0j)
146,-2.251887359017356,1.7760384638371425,45.07952353727422,2.8062970879055693,43433377862.33687,(86866755724.67374+0j),(14211.145490811285+0j),(1.0000276369988108+0.01896993087579171j),(1.0000276369988108-0.01896993087579171j),(5.952658389925296e-05+0j),(7.03673045654131e-05+0j)
147,-2.253670600262234,1.7791911170458656,45.06573610623978,2.802417288020414,45512657649.49863,(91025315298.99725+0j),(14905.369941608928+0j),(0.9999937505190273+0.020973998105577405j),(0.9999937505190273-0.020973998105577405j),(-2.4947644691976707e-05+0j),(6.708991476814141e-05+0j)
148,-2.255432156901682,1.7823186966606628,45.05181336860144,2.7985252153792106,47712173101.10036,(95424346202.20071+0j),(15588.896615935648+0j),(1.0000136874425516+0.03547096321923123j),(1.0000136874425516-0.03547096321923123j),(-2.19474194754434e-05+0j),(6.414822092125969e-05+0j)
149,-2.257171303409603,1.785419728102714,45.03775123594988,2.794623344704165,50035734562.76633,(100071469125.53265+0j),(16255.317097683403+0j),(1.0256986455024342+0j),(0.9741270666259016+0j),(0.00017458831423024018+0j),(6.151833157253316e-05+0j)
150,-2.2588874316126137,1.7884929191133916,45.02354678537819,2.7907140068376166,52487070467.08588,(104974140934.17175+0j),(16897.868654445272+0j),(1.0341340142435014+0j),(0.9660530400417234+0j),(-0.00016615372382724767+0j),(5.917906257639713e-05+0j)
151,-2.260580047583667,1.7915371581328638,45.00919817710178,2.7867993780984532,55069826423.458405,(110139652846.91681+0j),(17509.500588966785+0j),(1.0001294069672428+0.04681748093524707j),(1.0001294069672428-0.04681748093524707j),(-0.00021774638290338424+0j),(5.7111852881607395e-05+0j)
152,-2.262248767159301,1.7945515101959897,44.994704561063024,2.78288147287978,57787565082.40378,(115575130164.80756+0j),(18082.94797099806+0j),(1.00001726935269+0.03674750502352581j),(1.00001726935269-0.03674750502352581j),(-7.175069444715376e-07+0j),(5.5300719534768806e-05+0j)
153,-2.2638933102982315,1.797535210650523,44.9800659767261,2.7789621393695305,60643766582.37674,(121287533164.75348+0j),(18610.81173144646+0j),(1.0302124453660504+0j),(0.9695615275584933+0j),(0.00011843149624216915+0j),(5.3732207134137126e-05+0j)
154,-2.265513494516161,1.800487657046225,44.96528324984344,2.775043058178806,63641831519.79259,(127283663039.58517+0j),(19085.645606841572+0j),(1.0000010956459686+0.02123316296711832j),(1.0000010956459686-0.02123316296711832j),(3.4407815681302034e-05+0j),(5.239539707597008e-05+0j)
155,-2.267109227637974,1.803408399569281,44.95035788945625,2.7711257435830756,66785084115.09149,(133570168230.18298+0j),(19500.04794302417+0j),(1.0445575036000423+0j),(0.955317082680546+0j),(9.211765266866384e-05+0j),(5.128192558443444e-05+0j)
156,-2.268680500099713,1.806297130395641,44.93529198778987,2.767211547034444,70076775605.40262,(140153551210.80524+0j),(19846.75774638798+0j),(1.0000095975458232+0.062474922968736364j),(1.0000095975458232-0.062474922968736364j),(1.9934716375964404e-05+0j),(5.038606559250904e-05+0j)
157,-2.270227377017109,1.8091536723234976,44.92008812511392,2.763301662573684,73520088640.50943,(147040177281.01886+0j),(20118.755088370915+0j),(1.025991500225839+0j),(0.9741318034180029+0j),(-6.994805317600874e-06+0j),(4.970486389947783e-05+0j)
158,-2.271749990212373,1.811977967013428,44.90474928105731,2.7593971337688097,77118141681.15851,(154236283362.31702+0j),(20309.36489452405+0j),(1.0001595060111728+0.034348105904537726j),(1.0001595060111728-0.034348105904537726j),(-0.0002471127771334681+0j),(4.9238370208912725e-05+0j)
159,-2.273248530366344,1.8147700631322856,44.889278753376594,2.75549886181111,80873992265.14017,(161747984530.28033+0j),(20412.362991460748+0j),(1.000042622079255+0.048526828548933205j),(1.000042622079255-0.048526828548933205j),(-9.00227401683334e-05+0j),(4.8989916711549404e-05+0j)
160,-2.2747232394295183,1.8175301046464003,44.873680084705526,2.7516076144335253,84790642585.53067,(169581285171.06134+0j),(20422.08688044813+0j),(0.9999209731410306+0.02171520008767756j),(0.9999209731410306-0.02171520008767756j),(0.00017074957018114166+0j),(4.8966590922746714e-05+0j)
161,-2.276174403398924,1.8202583194695203,44.85795699747035,2.747724035343505,88871041750.11584,(177742083500.2317+0j),(20333.546971213866+0j),(1.0826173898456484+0j),(0.9173726024415846+0j),(0.00014113598874664613+0j),(4.917980981682912e-05+0j)
162,-2.277602345538672,1.8229550086244697,44.84211333685944,2.7438486539037688,93118090433.66045,(186236180867.32086+0j),(20142.542575400417+0j),(1.0314500731159248+0j),(0.9684498523081227+0j),(-4.8398540770725745e-05+0j),(4.964616549292076e-05+0j)
163,-2.279007420095103,1.825620536032713,44.8261530215108,2.7399818948406316,97534642891.71146,(195069285783.4229+0j),(19845.778940935168+0j),(1.0529293372890054+0j),(0.9472079715210501+0j),(-9.170027178276004e-05+0j),(5.038854960762545e-05+0j)
164,-2.2803900065382927,1.828255319014112,44.81008000144956,2.736124087792631,102123509972.72997,(204247019945.4599+0j),(19440.98818333851+0j),(0.9999513292171007+0.040733816353366516j),(0.9999513292171007-0.040733816353366516j),(0.00017967737950282028+0j),(5.14377167471487e-05+0j)
165,-2.2817505043401347,1.8308598195411825,44.79389822269162,2.732275476559015,106887462194.24052,(213774924388.48102+0j),(18927.053616018442+0j),(0.9998813565755534+0.03880341009435913j),(0.9998813565755534-0.03880341009435913j),(0.00027508237229421846+0j),(5.2834424191494785e-05+0j)
166,-2.28308932828545,1.83343453626728,44.777611597885326,2.728436227939967,111829229050.772,(223658458101.544+0j),(18304.13456110266+0j),(0.9999440608324281+0.07384151491603157j),(0.9999440608324281-0.07384151491603157j),(-2.475670552095708e-05+0j),(5.463246349983032e-05+0j)
167,-2.284406904301157,1.8359799973269268,44.7612239823484,2.7246064400903847,116951503498.82776,(233903006997.65552+0j),(17573.798920893725+0j),(0.9999995723145956+0.04860523763073272j),(0.9999995723145956-0.04860523763073272j),(1.3059135588395685e-05+0j),(5.690289122941718e-05+0j)
168,-2.285703665779043,1.838496753887589,44.74473915485942,2.7207861503390176,122256940758.29616,(244513881516.59235+0j),(16739.15511868587+0j),(1.0947404253593453+0j),(0.905060003925199+0j),(0.00037116401770237705+0j),(5.974017052069662e-05+0j)
169,-2.286980050362898,1.840985374422208,44.728160802599305,2.7169753424425123,127748159513.51929,(255496319027.03857+0j),(15804.989957300413+0j),(0.9999310097812719+0.07374221590426476j),(0.9999310097812719-0.07374221590426476j),(4.72980051596633e-05+0j),(6.32711574628136e-05+0j)
170,-2.288236497164674,1.843446439658332,44.711492509663145,2.713173953269134,133427741428.3774,(266855482856.75482+0j),(14777.90944322341+0j),(1.07509154765394+0j),(0.9247611405863141+0j),(0.00043508622348329296+0j),(6.766857237127516e-05+0j)
171,-2.2894734443752807,1.8458805381597367,44.6947377486282,2.7093818789123456,139298232813.92276,(278596465627.8455+0j),(13666.485634027442+0j),(1.0882634837561498+0j),(0.9116828029484952+0j),(-0.00017556212315877548+0j),(7.317170266986871e-05+0j)
172,-2.290691327233425,1.8482882624900807,44.67789987470402,2.705598980250078,145362142765.92844,(290724285531.8569+0j),(12481.405425342004+0j),(1.0708950840920126+0j),(0.9289536433212622+0j),(0.00012119914531104545+0j),(8.011918204636009e-05+0j)
173,-2.291890576315496,1.850670205905355,44.66098212203738,2.7018250879759504,151621941782.94727,(303243883565.89453+0j),(11235.624597920803+0j),(1.0000532594904505+0.034073290123404605j),(1.0000532594904505-0.034073290123404605j),(5.005697420786095e-05+0j),(8.900261827658007e-05+0j)
174,-2.293071616113676,1.8530269595279487,44.64398760181114,2.6980600071253975,158080064332.07037,(316160128664.14075+0j),(9944.529443093375+0j),(0.9999310954406444+0.025942881483081662j),(0.9999310954406444-0.025942881483081662j),(0.0002193604924825969+0j),(0.00010055780096161942+0j)
175,-2.294234863867857,1.855359109949852,44.62691930180346,2.694303521134244,164738903620.13116,(329477807240.2623+0j),(8626.098234422228+0j),(1.0497061268718921+0j),(0.9502628243502129+0j),(0.00015115108726160352+0j),(0.00011592726746589274+0j)
176,-2.295380728622394,1.8576672372215617,44.60978008713679,2.6905553954581594,171600813353.77704,(343201626707.5541+0j),(1.0000092781497072+0.08616296480032583j),(1.0000092781497072-0.08616296480032583j),(7301.072606978574+0j),(8.822848073519807e-05+0j),(0.0001369661766237979+0j)
177,-2.296509610478828,1.8599519131814533,44.59257270197227,2.6868153807900117,178668105233.57013,(357336210467.14026+0j),(1.069953290411131+0j),(0.9300052241173061+0j),(5993.1315580743785+0j),(0.00012409335417624078+0j),(0.00016685767517409897+0j)
178,-2.2976219000186866,1.862213700084668,44.57529977194452,2.683083215910035,185943047289.0218,(371886094578.0436+0j),(4729.071599881626+0j),(0.9998537605397492+0.073711806663415j),(0.9998537605397492-0.073711806663415j),(0.0002493617669788272+0j),(0.00021145799569694942+0j)
179,-2.2987179778740097,1.8644531494961327,44.55796380716904,2.6793586301991237,193427863889.06268,(386855727778.12537+0j),(3538.99330416087+0j),(1.0731363606601765+0j),(0.9266315284295237+0j),(9.713953638541435e-05+0j),(0.00028256623149576146+0j)
180,-2.2997982144245257,1.8666708014133977,44.5405672056762,2.675641345848095,201124730071.35477,(402249460142.7095+0j),(1.04888705996806+0j),(0.951242266892236+0j),(2456.491194874589+0j),(-3.3990166292481336e-05+0j),(0.0004070847078699121+0j)
181,-2.3008629696025067,1.868867183588112,44.52311225714986,2.6719310797938496,209035776532.95752,(418071553065.91504+0j),(1.0625999134715003+0j),(0.9367683419205264+0j),(1518.8537956554221+0j),(0.0004239718840459843+0j),(0.0006583912176549304+0j)
182,-2.301912592789925,1.8710428110208548,44.50560114687629,2.668227545407436,217163080007.5124,(434326160015.0248+0j),(767.2641185457767+0j),(1.079901271700343+0j),(0.9198906804936952+0j),(0.0002352990888171081+0j),(0.0013033321588212965+0j)
183,-2.3029474227923763,1.873198185602978,44.48803595981698,2.664530453963033,225508667369.92688,(451017334739.85376+0j),(1.0573040470742585+0j),(0.9428615897838798+0j),(-0.00026838421891711196+0j),(247.00996708125064+0j),(0.004048419631910711+0j)
184,-2.303967787878069,1.8753337958858307,44.4704186847443,2.6608395159086733,234074510919.09595,(468149021838.1919+0j),(0.9999563924667572+0.07805792782295368j),(0.9999563924667572-0.07805792782295368j),(0.00011626394385179207+0j),(7.578913993821887+0j),(0.13194502547665438+0j)
185,-2.3049740058700894,1.877450116956933,44.452751218383085,2.657154441962657,242862527300.4115,(485725054600.823+0j),(1.1087263358658055+0j),(0.8909158626795095+0j),(0.0002712806411260968+0j),(103.50025612942312+0j),(0.009661811838913237+0j)
186,-2.3059663842828924,1.8795476104075108,44.43503536951916,2.6534749440536527,251874574933.0956,(503749149866.19116+0j),(593.3352423422743+0j),(0.9999995181817536+0.07893033655819755j),(0.9999995181817536-0.07893033655819755j),(-0.0001680997864039424+0j),(0.0016853878357724781+0j)
187,-2.306945220494678,1.881626724376655,44.41727286304116,2.649800736122589,261112450770.7981,(522224901541.5962+0j),(1541.1241329174998+0j),(1.044574732273787+0j),(0.9553802367598213+0j),(8.840074501079609e-05+0j),(0.0006488769973267909+0j)
188,-2.307910801947939,1.8836878936583965,44.39946534388812,2.6461315348037435,270577892897.58984,(541155785795.1797+0j),(3016.053795177048+0j),(1.070650360877666+0j),(0.9294567184379277+0j),(-4.181393630972492e-05+0j),(0.0003315590731709073+0j)
189,-2.308863406372833,1.885731539861988,44.381614380886994,2.64246705999765,280272572971.12445,(560545145942.2489+0j),(5092.802280990578+0j),(0.9999624740691456+0.05488971983012974j),(0.9999624740691456-0.05488971983012974j),(4.31879024976137e-05+0j),(0.0001963555520086966+0j)
190,-2.309803302027535,1.887758071614811,44.36372147046389,2.638807035349946,290198095452.2206,(580396190904.4412+0j),(7851.799476229042+0j),(1.0001620965054703+0.03710724040902861j),(1.0001620965054703-0.03710724040902861j),(-0.00035934463915846877+0j),(0.00012735934116962953+0j)
191,-2.310730747951604,1.8897678848005064,44.345788040221336,2.635151188646487,300355998459.2648,(600711996918.5295+0j),(11379.487573268816+0j),(1.0575900235426154+0j),(0.942536778089412+0j),(7.797100977899637e-05+0j),(8.78774182597337e-05+0j)
192,-2.3116459942277934,1.891761362823608,44.32781545237192,2.6314992521376572,310747750217.89667,(621495500435.7933+0j),(15768.58979295928+0j),(1.0001736931817162+0.03671720948547848j),(1.0001736931817162-0.03671720948547848j),(-9.935333794759436e-05+0j),(6.341721222239544e-05+0j)
193,-2.3125492822504223,1.893738876897249,44.30980500703074,2.627850962796448,321374744339.6233,(642749488679.2467+0j),(21118.388009587015+0j),(1.0531110207349528+0j),(0.9470571806018002+0j),(-0.0001263947676342404+0j),(4.735210044804517e-05+0j)
194,-2.3134408449960926,1.8957007863455808,44.291757945358725,2.624206062523659,332238300634.1809,(664476601268.3618+0j),(27535.003294788712+0j),(1.1397203610344138+0j),(0.8596671599670682+0j),(0.0007506208920674378+0j),(3.6317408472889246e-05+0j)
195,-2.3143209072956754,1.8976474389187603,44.27367545256235,2.620564298303634,343339663815.5708,(686679327631.1416+0j),(35131.68372454618+0j),(0.9999381331948874+0.0955741214831916j),(0.9999381331948874-0.0955741214831916j),(0.00041233766375232907+0j),(2.8464337482820116e-05+0j)
196,-2.315189686105218,1.8995791711156944,44.255558660749486,2.616925422318645,354679995761.3677,(709359991522.7354+0j),(44029.10783311609+0j),(1.127415200389105+0j),(0.872175831329802+0j),(0.0004350726625103116+0j),(2.2712249053268465e-05+0j)
197,-2.316047390774362,1.901496308511676,44.237408651645154,2.613289192026754,366260383776.9563,(732520767553.9126+0j),(54355.67454755607+0j),(1.1050297104422009+0j),(0.894768214339749+0j),(0.00018678260901915035+0j),(1.83973432343095e-05+0j)
198,-2.3168942233110847,1.9033991660881369,44.21922645917078,2.6096553702087006,378081825235.7654,(756163650471.5308+0j),(66247.8324870748+0j),(1.1096697558708442+0j),(0.8903115753065907+0j),(0.00011311535785491774+0j),(1.5094843131216844e-05+0j)
199,-2.3177303786414423,1.905288048561779,44.2010130718903,2.606023724988631,390145237931.0005,(780290475862.001+0j),(79850.37913873399+0j),(0.9998319679803411+0.07026414335521872j),(0.9998319679803411-0.07026414335521872j),(0.0004416294710845376+0j),(1.2523407262099775e-05+0j)
200,-2.318556044864225,1.9071632507125749,44.1827694353308,2.602394029830391,402451451599.823,(804902903199.646+0j),(3.408366644584336e-06+0j),(1.000011426398768+0.14623456037370908j),(1.000011426398768-0.14623456037370908j),(1.0491348803043365e-05+0j),(95316.79495032068+0j)
201,-2.318556044864225,1.9071632507125749,44.1827694353308,2.602394029830391,402451451599.823,(804902903199.646+0j),(3.408366644584336e-06+0j),(1.000011426398768+0.14623456037370908j),(1.000011426398768-0.14623456037370908j),(1.0491348803043365e-05+0j),(95316.79495032068+0j)
202,-2.319371403499229,1.9090250577076568,44.16449645417965,2.5987660635153107,415001205313.3904,(830002410626.7808+0j),(112809.57772546959+0j),(1.094900445830617+0j),(0.9053373029325762+0j),(0.00015608120811594922+0j),(8.864497610102605e-06+0j)
203,-2.320176629728896,1.9108737454203708,44.14619499436469,2.5951396101033843,427795147772.7485,(855590295545.4971+0j),(132500.5772859502+0j),(1.115843005549102+0j),(0.8845041359178119+0j),(-1.2014241938501111e-05+0j),(7.547126835536301e-06+0j)
204,-2.320971892633182,1.912709580743837,44.12786588502323,2.5915144588799612,440833834795.8805,(881667669591.761+0j),(154571.34292186773+0j),(1.0896789860701213+0j),(0.9100567562239235+0j),(3.1053420673794236e-05+0j),(6.469497532519712e-06+0j)
205,-2.3217573554171365,1.914532821897616,44.10950992036422,2.587890404291266,454117729096.3699,(908235458192.7397+0j),(179213.47141033664+0j),(1.1091085469988737+0j),(0.8907457272603854+0j),(-0.00032087270601791203+0j),(5.5799445728810515e-06+0j)
206,-2.3225331756313765,1.916343718727599,44.09112786142999,2.584267245869323,467647192855.8808,(935294385711.7615+0j),(206628.98346671072+0j),(1.0079934571889868+0j),(0.9921754277247743+0j),(-0.0002099824990912119+0j),(4.83957889877004e-06+0j)
207,-2.323299505384847,1.9181425129974383,44.07272043776072,2.5806447881503285,481422496560.9412,(962844993121.8823+0j),(237030.65789037352+0j),(0.9999098947433586+0.12037474884268419j),(0.9999098947433586-0.12037474884268419j),(-9.770669620707181e-05+0j),(4.2188732461562785e-06+0j)
208,-2.3240564915507083,1.919929438673005,44.05428834896984,2.5770228405846276,495443800950.1812,(990887601900.3623+0j),(270642.45920634246+0j),(1.078808802300115+0j),(0.9212578069075337+0j),(7.205304232482776e-05+0j),(3.694929679434096e-06+0j)
209,-2.324804275964328,1.9217047221973875,44.03583226623105,2.573401217443639,509711171146.3446,(1019422342292.6892+0j),(307699.86589655315+0j),(1.0000470549727818+0.04384719893586291j),(1.0000470549727818-0.04384719893586291j),(-0.00014310027690988322+0j),(3.2499377172727784e-06+0j)
210,-2.32554299561447,1.9234685827584048,44.01735283368574,2.5697797377210887,524224565882.4081,(1048449131764.8162+0j),(348450.2888971439+0j),(0.9999146727030243+0.12199526328222729j),(0.9999146727030243-0.12199526328222729j),(0.00015410973045705537+0j),(2.869868079823835e-06+0j)
211,-2.3262727828270866,1.9252212325470663,43.99885066977225,2.566158225032256,538983838145.0916,(1077967676290.1831+0j),(393153.4598018235+0j),(1.098057282948558+0j),(0.9019791334679377+0j),(-5.011871149159777e-05+0j),(2.5434157026746428e-06+0j)
212,-2.326993765442293,1.9269628770079084,43.98032636848314,2.5625365075103304,553988729011.3195,(1107977458022.639+0j),(442081.8537451865+0j),(1.0662678628175306+0j),(0.9336797190620905+0j),(-0.00018601094699129098+0j),(2.2620617027258493e-06+0j)
213,-2.3277060669842773,1.9286937150803416,43.96178050055293,2.5589144177023946,569238878890.9722,(1138477757781.9443+0j),(495521.0379033704+0j),(1.0785421206887902+0j),(0.9218640775755205+0j),(-0.0002570389156877835+0j),(2.0180835631862164e-06+0j)
214,-2.3284098068248764,1.93041393943235,43.943213614582255,2.5552917924632177,584733807761.3435,(1169467615522.687+0j),(553770.175107803+0j),(1.0580240126446774+0j),(0.9423007704476312+0j),(0.0001722301057320488+0j),(1.805764224095232e-06+0j)
215,-2.3291051003403505,1.932123736685168,43.92462623809966,2.551668472850323,600472930325.8914,(1200945860651.7827+0j),(617142.3604750489+0j),(0.999910804580704+0.0938440487441405j),(0.999910804580704-0.0938440487441405j),(-0.00033218560933124413+0j),(1.6203747527198402e-06+0j)
216,-2.329792059062185,1.9338232876305064,43.90601887856696,2.548044304018069,616455543832.167,(1232911087664.334+0j),(685965.1076659267+0j),(1.052264263583677+0j),(0.9478207069760575+0j),(-0.00020954443613314597+0j),(1.457720609635398e-06+0j)
217,-2.330470790821631,1.9355127674394148,43.887392024329486,2.5444191351131815,632680826135.6573,(1265361652271.3147+0j),(760580.7888125594+0j),(1.083296812259653+0j),(0.9168983233486535+0j),(-0.0005134888079161568+0j),(1.3148021807896452e-06+0j)
218,-2.331141399888516,1.9371923458636915,43.86874614551572,2.54079281917071,649147841385.2461,(1298295682770.4922+0j),(841347.035576224+0j),(1.0000115447316982+0.07841331290628203j),(1.0000115447316982-0.07841331290628203j),(0.0003324889491860648+0j),(1.1885370784552088e-06+0j)
219,-2.3318039871043346,1.9388621874295653,43.85008169488836,2.5371652130116815,665855533335.0789,(1331711066670.1577+0j),(928637.2185244757+0j),(1.1620960807942358+0j),(0.8377011331330809+0j),(0.000461947225610386+0j),(1.076892857738446e-06+0j)
220,-2.33245865000994,1.9405224516242072,43.83139910865025,2.533536177141871,682802728497.1216,(1365605456994.2432+0j),(1022840.8684159834+0j),(1.138725876712657+0j),(0.8610206736666621+0j),(0.0001785446380268709+0j),(9.778697475268382e-07+0j)
221,-2.3331054829679982,1.9421732930750628,43.81269880720733,2.5299055756525393,699988122771.9308,(1399976245543.8616+0j),(1124364.2288364929+0j),(1.0753135159890137+0j),(0.925187817558471+0j),(-0.0001356152770590403+0j),(8.894379107156149e-07+0j)
222,-2.333744577280401,1.943814861722366,43.79398119589133,2.5262732761227875,717410302517.0452,(1434820605034.0903+0j),(1233630.549381791+0j),(1.000088596892351+0.07059029070135497j),(1.000088596892351-0.07059029070135497j),(-0.00023003208642660678+0j),(8.107484674507271e-07+0j)
223,-2.3343760213008933,1.9454473029850463,43.77524666564459,2.5226391495239455,735067716813.7389,(1470135433627.4778+0j),(1351080.7676890085+0j),(1.1873688907477569+0j),(0.8121690417989361+0j),(0.0006105338367802757+0j),(7.400563582640539e-07+0j)
224,-2.3349999005429964,1.9470707579201263,43.75649559366882,2.5190030701260966,752958693547.6864,(1505917387095.3728+0j),(1477173.8501520199+0j),(1.0001145663378876+0.12904546089868132j),(1.0001145663378876-0.12904546089868132j),(2.3531455974193077e-05+0j),(6.770062988991777e-07+0j)
225,-2.335616297783556,1.948685363376068,43.7377283440404,2.515364915406535,771081432890.4717,(1542162865780.9434+0j),(1612387.3201286057+0j),(1.1824705927327743+0j),(0.8175651511920008+0j),(-0.00018145877795695166+0j),(6.202482578292409e-07+0j)
226,-2.3362252931619607,1.950291252140016,43.71894526829358,2.5117245659606886,789434009804.5771,(1578868019609.1543+0j),(1757217.7108051523+0j),(1.134731718143194+0j),(0.8652434970254429+0j),(-8.776376246204964e-05+0j),(5.692761174622193e-07+0j)
227,-2.336826964275368,1.951888553079484,43.700146705974056,2.508081905414947,808014366372.4744,(1616028732744.9487+0j),(1912181.1220788462+0j),(0.9999193282026266+0.21526179314625513j),(0.9999193282026266-0.21526179314625513j),(0.00035121207675893574+0j),(5.229223128079617e-07+0j)
228,-2.337421386269921,1.95347739127832,43.68133298516384,2.5044368203420984,826820314161.8882,(1653640628323.7764+0j),(2077813.6913762246+0j),(0.9999510595236849+0.008071918055050573j),(0.9999510595236849-0.008071918055050573j),(0.00013125142223589133+0j),(4.813591393993167e-07+0j)
229,-2.338008631928292,1.955057888167533,43.66250442297979,2.500789200178656,845849536057.5872,(1691699072115.1743+0j),(2254672.067269469+0j),(0.9999338584578039+0.20061947461884885j),(0.9999338584578039-0.20061947461884885j),(5.579583327529631e-05+0j),(4.434016435294765e-07+0j)
230,-2.33858877175364,1.9566301616509647,43.64366132604692,2.497138937144652,865099578880.3326,(1730199157760.6653+0j),(2443333.9862794364+0j),(1.0887266114315775+0j),(0.9113838747415861+0j),(-6.677974660372451e-05+0j),(4.092410461528661e-07+0j)
231,-2.3391618740500912,1.958194326225994,43.6248039909478,2.4934859261657065,884567858498.1948,(1769135716996.3896+0j),(2644398.7217737925+0j),(1.1355970452855675+0j),(0.8638559882850658+0j),(0.00031228176615419784+0j),(3.778857167083764e-07+0j)
232,-2.3397280050000067,1.9597504930996663,43.60593270464978,2.489830064797121,904251660697.6523,(1808503321395.3047+0j),(2858487.5718537597+0j),(1.0619922228043328+0j),(0.9388214428183399+0j),(-0.0006096681536333275+0j),(3.497622753523605e-07+0j)
233,-2.340287228738056,1.961298770300164,43.5870477449109,2.4861712531504665,924148118598.6172,(1848296237197.2341+0j),(3086244.6799423853+0j),(1.2026141042779415+0j),(0.7973736989710046+0j),(-4.148473804860994e-05+0j),(3.2409641259959647e-07+0j)
234,-2.340839607422324,1.962839262784052,43.56814938066581,2.482509393822069,944254259642.2152,(1888508519284.4302+0j),(3328336.9041216634+0j),(0.9999678460168049+0.1341727840191029j),(0.9999678460168049-0.1341727840191029j),(1.4369534028448055e-05+0j),(3.007057147393354e-07+0j)
235,-2.341385201302563,1.9643720725393463,43.54923787239305,2.478844391823763,964566945786.5994,(1929133891573.1987+0j),(3585455.1737433164+0j),(1.0254337104180353+0j),(0.974602717153208+0j),(-9.316330954260597e-05+0j),(2.785951333956759e-07+0j)
236,-2.3419240687856555,1.965897298684557,43.53031347246422,2.4751761545156774,985082920084.184,(1970165840168.3682+0j),(3858314.344389018+0j),(1.0002534820511166+0.1692629026471994j),(1.0002534820511166-0.1692629026471994j),(-0.0007933299205581433+0j),(2.5869085808236833e-07+0j)
237,-2.3424562664985187,1.9674150375639767,43.51137642547656,2.4715045915411102,1005798783603.934,(2011597567207.868+0j),(4147654.065809503+0j),(1.0822966231725775+0j),(0.917466163845891+0j),(3.8772131159615044e-05+0j),(2.413418487518381e-07+0j)
238,-2.342981849348423,1.9689253828391589,43.49242696856925,2.4678296147636143,1026710995410.343,(2053421990820.686+0j),(4454239.3186116805+0j),(0.9719501738122309+0j),(1.0281438827766491+0j),(0.0003500471931829982+0j),(2.2470287571611053e-07+0j)
239,-2.3435008705809843,1.9704284255770703,43.473465331725066,2.464151138205622,1047815883077.9974,(2095631766155.9949+0j),(4778860.771071209+0j),(1.0718700776867804+0j),(0.928453944475614+0j),(-0.00021661326733568562+0j),(2.1048292147014283e-07+0j)
240,-2.3440133818358646,1.9719242543348283,43.45449173805762,2.4604690779891736,1069109625109.8196,(2138219250219.6392+0j),(5122335.642191939+0j),(0.9999143016896406+0.1431610757566996j),(0.9999143016896406-0.1431610757566996j),(0.0003563400561686252+0j),(1.950041454538148e-07+0j)
241,-2.344519433200185,1.973412955241037,43.43550640408488,2.4567833522787748,1090588279823.1664,(2181176559646.3325+0j),(5485507.6793786585+0j),(0.9998723938926007+0.2059239282889705j),(0.9998723938926007-0.2059239282889705j),(-0.00025312979244771703+0j),(1.8356935914400749e-07+0j)
242,-2.345019073259995,1.9748946120742856,43.41650953999036,2.4530938812257124,1112247743435.6768,(2224495486871.3535+0j),(5869248.512589185+0j),(1.0002453931134965+0.2082164426224695j),(1.0002453931134965-0.2082164426224695j),(-0.0004053469282308618+0j),(1.7109774181776478e-07+0j)
243,-2.345512349149593,1.9763693063384844,43.39750134987184,2.449400586914289,1134083792061.1917,(2268167584122.3833+0j),(6274457.403690417+0j),(1.175953955993361+0j),(0.8241558232424726+0j),(-0.00020286852577360758+0j),(1.5878893569573598e-07+0j)
244,-2.345999306599038,1.977837117335496,43.37848203197892,2.445703393309705,1156092051299.7937,(2312184102599.5874+0j),(6702062.3448394155+0j),(1.0003156550202812+0.12984708669964304j),(1.0003156550202812-0.12984708669964304j),(-0.00024011521212617188+0j),(1.4810458105193874e-07+0j)
245,-2.3464799899797635,1.979298122234952,43.35945177893961,2.4420022262076704,1178268023224.2598,(2356536046448.5195+0j),(7153020.110906349+0j),(1.0000264164231059+0.1708881646662881j),(1.0000264164231059-0.1708881646662881j),(-4.743809616191719e-05+0j),(1.4105366217439009e-07+0j)
246,-2.346954442348478,1.980752396141481,43.34041077797659,2.4382970131857418,1200607046949.6953,(2401214093899.3906+0j),(1.1865320543737679+0j),(0.8136211871589645+0j),(0.00023159828714769257+0j),(7628317.597429903+0j),(1.3015232980251312e-07+0j)
247,-2.347422705489333,1.982200012159368,43.3213592111137,2.434587683556223,1223104341676.6853,(2446208683353.3706+0j),(8128971.498364483+0j),(1.0002829763991454+0.23351590287903395j),(1.0002829763991454-0.23351590287903395j),(-0.0006520912720589521+0j),(1.2416729678631023e-07+0j)
248,-2.347884819954607,1.983641041455154,43.30229725537368,2.4308741683197983,1245754984895.9902,(2491509969791.9805+0j),(8656029.278416911+0j),(1.0001050719556352+0.1564622596095036j),(1.0001050719556352-0.1564622596095036j),(-0.0004583555756612423+0j),(1.1383752810033922e-07+0j)
249,-2.3483408251036617,1.98507555331728,43.28322508296613,2.4271564001223918,1268553906024.8389,(2537107812049.6777+0j),(9210569.918763831+0j),(0.9996555673780176+0.08498317545532738j),(0.9996555673780176-0.08498317545532738j),(0.0007161060153484638+0j),(1.0849037589101371e-07+0j)
250,-2.348790759140648,1.986503615214328,43.2641428614684,2.4234343132112257,1291495923275.8943,(2582991846551.789+0j),(9793703.57711185+0j),(1.0001430134264022+0.07292523656316173j),(1.0001430134264022-0.07292523656316173j),(-9.163740381022106e-06+0j),(1.0213582977844335e-07+0j)
251,-2.3492346591505915,1.9879252928503,43.24505075399727,2.4197078433947175,1314575685578.7017,(2629151371157.4033+0j),(10406573.55605053+0j),(0.9999303933944612+0.11363052625644647j),(0.9999303933944612-0.11363052625644647j),(0.0005437237346475241+0j),(9.634351772231705e-08+0j)
252,-2.0628962790432634,1.483981817479581,47.583574015736914,3.024709757929085,17834174076.242058,(35668348152.484116+0j),(1.0000992039003544+0.01757004303687194j),(1.0000992039003544-0.01757004303687194j),(-0.0004697150838596416+0j),(0.12661784814071747+0.9919515716670434j),(0.12661784814071747-0.9919515716670434j)
253,-2.062080856099551,1.482826435775347,47.6027574162865,3.0251593066504454,17809928746.046204,(35619857492.09241+0j),(1.0001675149172726+0.10478648084847456j),(1.0001675149172726-0.10478648084847456j),(-0.00036958392854431055+0j),(0.2287840308760969+0.9734772042614214j),(0.2287840308760969-0.9734772042614214j)
254,-2.06126844958134,1.481675911404554,47.621947534294016,3.0256044356742295,17783784542.33082,(35567569084.66164+0j),(1.0940443983374997+0j),(0.9047008175394682+0j),(0.0013488371383163357+0j),(0.3330346180917597+0.9429146001378104j),(0.3330346180917597-0.9429146001378104j)
255,-2.060459033551369,1.4805301996447824,47.64114427995736,3.026045198624403,17756011114.021484,(35512022228.04297+0j),(1.0007529469266738+0.0945798853761383j),(1.0007529469266738-0.0945798853761383j),(-0.0010797139575308503+0j),(0.4391383671666153+0.898419442400249j),(0.4391383671666153-0.898419442400249j)
256,-2.0596525825813705,1.4793892566501337,47.66034756547456,3.026481648102928,17726601529.263046,(35453203058.52609+0j),(1.106443709309639+0j),(0.8939313638872268+0j),(-0.000260841680448897+0j),(0.5468641038095563+0.8372213876658414j),(0.5468641038095563-0.8372213876658414j)
257,-2.058849071743772,1.4782530394390097,47.67955730499721,3.026913835703147,17695549884.05667,(35391099768.11334+0j),(0.9997343071225697+0.045151266354451304j),(0.9997343071225697-0.045151266354451304j),(1.016603773168841e-05+0j),(0.6559909887852899+0.7547687212869402j),(0.6559909887852899-0.7547687212869402j)
258,-2.058048476599044,1.4771215058720728,47.69877341457272,3.027341812036134,17662850631.34317,(35325701262.68634+0j),(0.9997902405286534+0.059655575889116144j),(0.9997902405286534-0.059655575889116144j),(0.00033006274255786985+0j),(0.7663080709051158+0.6424732994189144j),(0.7663080709051158-0.6424732994189144j)
259,-2.057250773183295,1.475994614630724,47.7179958120884,3.0277656267561888,17628498646.582947,(35256997293.16589+0j),(1.033118304413778+0j),(0.9654515589483292+0j),(0.0003855218448818337+0j),(0.8776138894542076+0.47936818943012854j),(0.8776138894542076-0.47936818943012854j)
260,-2.056455937996492,1.4748723251965798,47.73722441721797,3.0281853285854132,17592489450.821312,(35184978901.642624+0j),(1.0006282041272756+0.12335320996081689j),(1.0006282041272756-0.12335320996081689j),(-0.0009094843545598043+0j),(0.9897161027870819+0.14304557275418553j),(0.9897161027870819-0.14304557275418553j)
261,-2.055663947990851,1.4737545978313311,47.75645915136968,3.028600965337561,17554819154.559364,(35109638309.11873+0j),(-0.0002930098663044999+0j),(1.0000963743428297+0.06731474106171602j),(1.0000963743428297-0.06731474106171602j),(1.5664940277695771+0j),(0.6383682173525236+0j)
262,-2.054874780559744,1.4726413935574438,47.77569993763648,3.029012583941063,17515484733.750732,(35030969467.501465+0j),(0.00034435203832194894+0j),(1.079237002958588+0j),(0.9196905420080409+0j),(1.906701660888716+0j),(0.5244658986316583+0j)
263,-2.054088413526851,1.4715326741393353,47.79494670074781,3.029420230461339,17474483378.798134,(34948966757.59627+0j),(-0.0010586896978531353+0j),(1.0005281775430075+0.06173190549060609j),(1.0005281775430075-0.06173190549060609j),(2.204369465887676+0j),(0.4536444618179273+0j)
264,-2.0533048251357373,1.4704284020652518,47.8141993670233,3.0298239501223736,17431812748.98407,(34863625497.96814+0j),(-0.00022110677815345703+0j),(1.0928235027666355+0j),(0.907514440498372+0j),(2.4822169662050535+0j),(0.40286566952656916+0j)
265,-2.0525239940397384,1.4693285405297047,47.833457864327976,3.030223787327593,17387470895.92634,(34774941791.85268+0j),(0.00018125115467534914+0j),(0.9996608739631723+0.10818904813214786j),(0.9996608739631723-0.10818904813214786j),(2.7481946165426288+0j),(0.36387524885650974+0j)
266,-2.051745899292086,1.468233053416354,47.85272212202898,3.030619785680093,17341457650.23358,(34682915300.46716+0j),(1.0650816193556207+0j),(0.9341395237430299+0j),(0.0003404267592154604+0j),(3.006020522901534+0j),(0.3326657261259388+0j)
267,-2.0509705203365014,1.467141905281628,47.87199207095401,3.031011988002228,17293771885.928467,(34587543771.85693+0j),(1.000242974127397+0.0722124065659012j),(1.000242974127397-0.0722124065659012j),(-0.0007986287640472659+0j),(3.257690088340526+0j),(0.3069659706365049+0j)
268,-2.050197836997908,1.4660550613386414,47.89126764335094,3.031400436354588,17244413701.387573,(34488827402.77515+0j),(1.1084505333538814+0j),(0.8912769154133878+0j),(0.0007824487995248024+0j),(3.5043579056281553+0j),(0.28535898071210447+0j)
269,-2.049427829473554,1.464972487441774,47.91054877284909,3.031785172054342,17193384637.270844,(34386769274.54169+0j),(1.141238511673392+0j),(0.858466926897094+0j),(0.000843590470242785+0j),(3.7467189699979184+0j),(0.2669001886738772+0j)
270,-2.048660478324366,1.4638941500716445,47.92983539442158,3.0321662356931047,17140685067.995523,(34281370135.99105+0j),(1.1279410606166973+0j),(0.8720089273059187+0j),(0.00019465403549119014+0j),(3.985196768009362+0j),(0.2509286387131025+0j)
271,-2.0478957644665567,1.4628200163205745,47.94912744434915,3.0325436671541346,17086317304.457764,(34172634608.915527+0j),(1.112362382912561+0j),(0.8893496856068224+0j),(-0.0005204013146957094+0j),(4.22004584999647+0j),(0.23696425004511662+0j)
272,-2.0471336691635016,1.461750053878471,47.96842486018508,3.0329175056291096,17030283993.86314,(34060567987.72628+0j),(1.0003057409132554+0.008509587170372796j),(1.0003057409132554-0.008509587170372796j),(-0.00048027968263288014+0j),(4.451411190514792+0j),(0.22464786046531895+0j)
273,-2.0463741740179007,1.4606842310192196,47.98772758072144,3.033287789634322,16972587844.380207,(33945175688.760414+0j),(1.0732482313842755+0j),(0.9279227127289695+0j),(-0.00044808271688304044+0j),(4.679364742554468+0j),(0.21370422162360111+0j)
274,-2.045617260964104,1.459622516587382,48.00703554595621,3.033654557026408,16913232646.964012,(33826465293.928024+0j),(1.0004961759285607+0.0595051862434193j),(1.0004961759285607-0.0595051862434193j),(-0.0009959874746784054+0j),(4.90392900542308+0j),(0.20391812338529597+0j)
275,-2.044862912260717,1.4585648799853483,48.026348697061806,3.0340178450176385,16852222668.82552,(33704445337.65104+0j),(1.02270671530168+0j),(0.9782926946246572+0j),(-0.0005544816916518467+0j),(5.125092542937992+0j),(0.19511842793520592+0j)
276,-2.044111110483447,1.4575112911609278,48.04566697635443,3.0343776901906625,16789562899.857422,(33579125799.714844+0j),(0.9995167624311732+0.0849665267200989j),(0.9995167624311732-0.0849665267200989j),(0.00036114199944119733+0j),(5.3428206496524036+0j),(0.1871670538043716+0j)
277,-2.043361838518124,1.456461720595229,48.0649903272645,3.0347341285129095,16725258904.027412,(33450517808.054825+0j),(1.1126440671641453+0j),(0.8881891089294602+0j),(-0.00024930733060941353+0j),(5.557062774942843+0j),(0.17995117933696486+0j)
278,-2.042615079553958,1.4554161392909553,48.08431869430803,3.035087195350514,16659316520.911324,(33318633041.822647+0j),(1.0004114673417344+0.15707404152402535j),(1.0004114673417344-0.15707404152402535j),(-0.0011193461377382577+0j),(5.767757794603865+0j),(0.17337759933956656+0j)
279,-2.041870817077005,1.454374518761051,48.103652023059006,3.035436925481835,16591742244.514122,(33183484489.028244+0j),(1.0804014313008599+0j),(0.9212189313083442+0j),(-0.00020347076972170632+0j),(5.97483788460383+0j),(0.167368557827702+0j)
280,-2.041129034863737,1.4533368310175798,48.12299026012245,3.0357833531105913,16522543798.11863,(33045087596.23726+0j),(1.0638731171082159+0j),(0.9362449934434589+0j),(0.0005505900763782758+0j),(6.178231386927677+0j),(0.1618586189757115+0j)
281,-2.040389716974987,1.4523030485611477,48.14233335310869,3.0361265118786207,16451728502.304607,(32903457004.609215+0j),(1.0646665050590192+0j),(0.9368376209551011+0j),(-0.000819351212891281+0j),(6.377864732275361+0j),(0.15679228738418954+0j)
282,-2.0396528477498843,1.4512731443704163,48.16168125060811,3.0364664348782395,16379305310.059418,(32758610620.118835+0j),(0.9993424034239049+0.05611365922439386j),(0.9993424034239049-0.05611365922439386j),(0.0002195472341946992+0j),(6.573664185078199+0j),(0.1521221607684644+0j)
283,-2.038918411800106,1.4502470918920911,48.181033902166966,3.0368031546642786,16305283020.670784,(32610566041.341568+0j),(0.9997261025350026+0.09629334495696214j),(0.9997261025350026-0.09629334495696214j),(0.00015880791688758386+0j),(6.765556832552636+0j),(0.1478074938619831+0j)
284,-2.038186394004197,1.4492248650310644,48.200391258263735,3.037136703265784,16229671107.12602,(32459342214.252037+0j),(1.1424973448049842+0j),(0.8581709137715519+0j),(0.00016672199197291076+0j),(6.953471533124404+0j),(0.14381305729617117+0j)
285,-2.037456779502116,1.448206438140938,48.21975327028638,3.0374671121973473,16152480152.520569,(32304960305.041138+0j),(1.0894717944827643+0j),(0.9080687107165494+0j),(0.0015643134238233086+0j),(7.137339605611778+0j),(0.1401082273308376+0j)
286,-2.0367295536899674,1.447191786014849,48.23911989051033,3.03779441247013,16073720603.405758,(32147441206.811516+0j),(0.9987663966409539+0.0812167522247649j),(0.9987663966409539-0.0812167522247649j),(0.0008857689989546591+0j),(7.317095197575568+0j),(0.13666625525547763+0j)
287,-2.0360047022147785,1.4461808838764114,48.25849107207694,3.038118634602619,15993404439.55334,(31986808879.10668+0j),(1.001033465809104+0.15544141788191707j),(1.001033465809104-0.15544141788191707j),(-0.0015087891918048127+0j),(7.492675792536441+0j),(0.13346366874655705+0j)
288,-2.035282210969587,1.445173707371142,48.27786676897294,3.03843980863101,15911543035.21346,(31823086070.426918+0j),(1.1274449288379962+0j),(0.8733767611784262+0j),(0.00016919967702204862+0j),(7.664022273352914+0j),(0.13047978781028316+0j)
289,-2.034562066088485,1.4441702325578722,48.29724693601014,3.038757964119377,15828149569.663189,(31656299139.326378+0j),(1.0004972138333301+0.10972137932892514j),(1.0004972138333301-0.10972137932892514j),(-0.0011108416941535825+0j),(7.831079316797272+0j),(0.12769631867417872+0j)
290,-2.033844253941989,1.4431704359006574,48.3166315288061,3.0390731301695086,15743236471.321505,(31486472942.643005+0j),(0.9993675610480326+0.1407162636626459j),(0.9993675610480326-0.1407162636626459j),(0.000384637047272808+0j),(7.993795287178404+0j),(0.12509702388857427+0j)
291,-2.03312876113245,1.442174294260795,48.33602050376522,3.0393853354304765,15656818388.237782,(31313636776.475563+0j),(1.1320020728950242+0j),(0.867171986385525+0j),(0.0010651299784916702+0j),(8.152122566217908+0j),(0.1226674392929862+0j)
292,-2.032415574489533,1.4411817848889688,48.35541381806028,3.039694608108016,15568908839.038452,(31137817678.076904+0j),(1.12021535128939+0j),(0.8770077897316109+0j),(0.0016652669429503542+0j),(8.306017299639295+0j),(0.12039464449994004+0j)
293,-2.0317046810660124,1.4401928854178905,48.3748114296149,3.0400009759735216,15479523355.412085,(30959046710.824165+0j),(0.9997739798112812+0.027696498537140592j),(0.9997739798112812-0.027696498537140592j),(0.0001626091666132675+0j),(8.455439669864912+0j),(0.11826706109256704+0j)
294,-2.030996068133508,1.4392075738548848,48.394213297086125,3.0403044663729313,15388677101.239977,(30777354202.47995+0j),(1.0006084021252146+0.17459799340917834j),(1.0006084021252146-0.17459799340917834j),(-0.0019131074652096816+0j),(8.60035367739534+0j),(0.11627428795501532+0j)
295,-2.0302897231784365,1.4382258285748255,48.4136193798478,3.0406051062352875,15296386509.833652,(30592773019.667305+0j),(1.1375895876889137+0j),(0.8631266220096445+0j),(-0.00028040710161216767+0j),(8.740727240285494+0j),(0.11440695636760706+0j)
296,-2.0295856338980816,1.4372476283132614,48.433029637974286,3.0409029220811106,15202667674.11208,(30405335348.22416+0j),(1.0005717160211414+0.09966280110650196j),(1.0005717160211414-0.09966280110650196j),(-0.0007947807828327069+0j),(8.876532013699846+0j),(0.11265660941199174+0j)
297,-2.02888378819669,1.4362729521596291,48.45244403222473,3.0411979400305427,15107538339.02277,(30215076678.04554+0j),(1.0003790856576327+0.15174889028969632j),(1.0003790856576327-0.15174889028969632j),(-0.0006907814208193771+0j),(9.007743486644074+0j),(0.11101559469174144+0j)
298,-2.028184174181815,1.4353017795508365,48.471862524027806,3.041490185811253,15011015777.197418,(30022031554.394836+0j),(1.0881001588397294+0j),(0.9110491775207491+0j),(0.00043963449070011276+0j),(9.134340744525073+0j),(0.10947697573027795+0j)
299,-2.027486780160655,1.434334090264872,48.49128507546682,3.0417796847661824,14913118474.806011,(29826236949.612022+0j),(1.050536598929626+0j),(0.9475239061438315+0j),(0.0014670090920721342+0j),(9.256306523373455+0j),(0.10803445169791262+0j)
300,-2.026791594636549,1.4333698644146775,48.51071164926536,3.042066461861032,14813865253.62035,(29627730507.2407+0j),(1.000018496141457+0.1647120453035019j),(1.000018496141457-0.1647120453035019j),(-0.0002466944259402372+0j),(9.373627059544313+0j),(0.10668228996610582+0j)
301,-2.026098606305557,1.4324090824421554,48.53014220877326,3.0423505416916,14713275582.112469,(29426551164.224937+0j),(1.000326530500271+0.11751285022184009j),(1.000326530500271-0.11751285022184009j),(9.280948071956773e-05+0j),(9.486292027305144+0j),(0.1054152662728588+0j)
302,-2.0254078040531462,1.4314517251123628,48.54957671795303,3.0426319484909206,14611369309.940498,(29222738619.880997+0j),(1.1642615968218217+0j),(0.8348543675883185+0j),(0.0011648468526936696+0j),(9.594294431018469+0j),(0.10422861286886315+0j)
303,-2.0247191769509385,1.430497773507822,48.56901514136659,3.0429107061362126,14508166625.817867,(29016333251.635735+0j),(1.0719221812940918+0j),(0.929759273434361+0j),(-0.0004262316543345973+0j),(9.697630512998385+0j),(0.10311797285534763+0j)
304,-2.0240327142536225,1.4295472090230874,48.58845744416253,3.043186838155636,14403688720.7368,(28807377441.473602+0j),(0.9997609173561832+0.12311201211843874j),(0.9997609173561832-0.12311201211843874j),(-0.0001817725727491477+0j),(9.796299707469679+0j),(0.10207935953998917+0j)
305,-2.023348405395899,1.428600013359386,48.60790359206361,3.0434603677348977,14297957252.366028,(28595914504.732056+0j),(1.0378590306630104+0j),(0.9622991631835573+0j),(0.0004580169152182469+0j),(9.89030451023839+0j),(0.10110912145983607+0j)
306,-2.022666239989505,1.427656168519391,48.6273535513546,3.043731317723713,14190994139.134914,(28381988278.26983+0j),(1.0590239701379554+0j),(0.9403746458090372+0j),(0.000346748454692462+0j),(9.979650373880261+0j),(0.10020391121294352+0j)
307,-2.0219862078203774,1.426715656802222,48.64680728887058,3.043999710642053,14082821393.508926,(28165642787.017853+0j),(1.1554706769088927+0j),(0.8459705639100247+0j),(-8.110853205510998e-05+0j),(10.064345607645869+0j),(0.09936065780975746+0j)
308,-2.0213082988458164,1.4257784607984771,48.66626477198544,3.0442655686862645,13973462429.224922,(27946924858.449844+0j),(1.0002910068653308+0.07221658627224478j),(1.0002910068653308-0.07221658627224478j),(-0.0006393050470812486+0j),(10.144401368269769+0j),(0.09857654125637164+0j)
309,-2.0206325031918264,1.4248445633855158,48.685725968600686,3.044528913735047,13862940859.375706,(27725881718.75141+0j),(1.057570550363307+0j),(0.9410637108220676+0j),(0.00048675978294336673+0j),(10.219831492188284+0j),(0.09784897145953284+0j)
310,-2.0199588111504694,1.4239139477228018,48.7051908471348,3.0447897673552626,13751280188.64944,(27502560377.29888+0j),(1.1211917532364006+0j),(0.8794584752514883+0j),(-0.0006494632291193023+0j),(10.290652391059325+0j),(0.09717556885598465+0j)
311,-2.0192872131773205,1.4229865972474034,48.72465937651254,3.0450481508076184,13638505257.838928,(27277010515.677856+0j),(1.175898735819678+0j),(0.8279340958479178+0j),(-0.0010681106517835717+0j),(10.356883048639876+0j),(0.0965541461947565+0j)
312,-2.018617699888957,1.4220624956695698,48.74413152615475,3.0453040850521904,13524640757.693474,(27049281515.386948+0j),(1.0756341367786166+0j),(0.9234885036224907+0j),(1.537697905473057e-06+0j),(10.418544847284352+0j),(0.09598269380786446+0j)
313,-2.0179502620605905,1.4211416269685155,48.763607265968446,3.0455575907538477,13409711823.22186,(26819423646.443718+0j),(1.1433464040563948+0j),(0.8554118087554805+0j),(0.0015954350038416408+0j),(10.475661518764317+0j),(0.09545936533069227+0j)
314,-2.017284890623669,1.4202239753881978,48.78308656633704,3.045808688287522,13293744209.59552,(26587488419.19104+0j),(1.1052169915031227+0j),(0.894133548812945+0j),(0.0007590327014954784+0j),(10.528259069667687+0j),(0.0949824651334326+0j)
315,-2.0166215766636832,1.419309525433396,48.802569398110926,3.0460573977433194,13176764865.955124,(26353529731.910248+0j),(1.000003751033527+0.07775941687792193j),(1.000003751033527-0.07775941687792193j),(8.028402995229027e-05+0j),(10.576365726040663+0j),(0.09455043688004701+0j)
316,-2.0159603114179,1.4183982618656947,48.82205573259842,3.0463037389316012,13058799405.044254,(26117598810.08851+0j),(1.1318454829943645+0j),(0.8673111276452119+0j),(0.0007625981725638073+0j),(10.620011726901026+0j),(0.09416185459262048+0j)
317,-2.0153010862732423,1.4174901696997153,48.84154554155664,3.046547731387843,12939875494.318272,(25879750988.636543+0j),(1.1542395641169858+0j),(0.845514573581032+0j),(0.0007635577297703419+0j),(10.659229414846726+0j),(0.09381541207917946+0j)
318,-2.01464389276422,1.416585234199414,48.86103879718293,3.0467893943774444,12820020132.555428,(25640040265.110855+0j),(1.0001728359440967+0.0849017621056641j),(1.0001728359440967-0.0849017621056641j),(-0.0001324578378196943+0j),(10.694053025410716+0j),(0.09350991599015018+0j)
319,-2.0139887225708777,1.4156834408744434,48.88053547210633,3.04702874690039,12699261718.402344,(25398523436.804688+0j),(1.1678217053499844+0j),(0.8310562690762946+0j),(0.001410783070558417+0j),(10.724518708046672+0j),(0.09324427764297061+0j)
320,-2.013335567516878,1.414784775476692,48.900035539379374,3.047265807695843,12577628335.766205,(25155256671.53241+0j),(1.001011131701773+0.13544980769209686j),(1.001011131701773-0.13544980769209686j),(-0.001246122274451993+0j),(10.750664374012027+0j),(0.09301750712427356+0j)
321,-2.0126844195675697,1.4138892239968472,48.91953897247001,3.04750059524658,12455148117.27492,(24910296234.549843+0j),(1.076306687999116+0j),(0.9223959272283327+0j),(0.0010189330827085883+0j),(10.772529644035547+0j),(0.09282870718801689+0j)
322,-2.0120352708281395,1.4129967726610797,48.93904574525379,3.0477331277833657,12331850391.625383,(24663700783.25077+0j),(1.1117941065165846+0j),(0.8874799139319774+0j),(0.0012196232769095582+0j),(10.790155823184183+0j),(0.09267706754074237+0j)
323,-2.011388113541845,1.4121074079278548,48.95855583200626,3.0479634232891977,12207764844.02234,(24415529688.044678+0j),(1.0004538305780144+0.08438872034908047j),(1.0004538305780144-0.08438872034908047j),(-0.000531334434262706+0j),(10.80358579473986+0j),(0.09256186038594627+0j)
324,-2.010742940088272,1.4112211164847912,48.97806920739559,3.0481914995034853,12082920331.793535,(24165840663.587074+0j),(0.9997068471764572+0.06915790441270939j),(0.9997068471764572-0.06915790441270939j),(0.00010159066140236272+0j),(10.812863912268957+0j),(0.09248243648619493+0j)
325,-2.0100997429816068,1.410337885245574,48.99758584647512,3.0484173739260942,11957347308.701756,(23914694617.40351+0j),(1.1339472950275993+0j),(0.866426173777761+0j),(0.000268049269144003+0j),(10.818036021662413+0j),(0.0924382205788455+0j)
326,-2.0094585148690687,1.4094577013470782,49.01710572467658,3.0486410638213375,11831076291.490131,(23662152582.980263+0j),(0.9989213297173781+0.15915081517496715j),(0.9989213297173781-0.15915081517496715j),(0.0008734766389991692+0j),(10.819149338878221+0j),(0.09242870845741008+0j)
327,-2.008819248529261,1.4085805521464094,49.03662881780306,3.048862586221869,11704137320.136692,(23408274640.273384+0j),(1.0002219406218407+0.15868030870841715j),(1.0002219406218407-0.15868030870841715j),(-0.0014098746487975784+0j),(10.816252373354176+0j),(0.09245346405414637+0j)
328,-2.008181936870684,1.4077064252181883,49.05615510202232,3.049081957932449,11576561716.90704,(23153123433.81408+0j),(0.9996086241435063+0.1321608832326219j),(0.9996086241435063-0.1321608832326219j),(0.00037699876431794647+0j),(10.809394920712375+0j),(0.09251211629655605+0j)
329,-2.007546572930184,1.4068353083517438,49.07568455386024,3.0492991955337017,11448380469.962128,(22896760939.924255+0j),(1.0004094682498983+0.1406293113130619j),(1.0004094682498983-0.1406293113130619j),(-0.00016199611813163826+0j),(10.798627952853485+0j),(0.09260435718003186+0j)
330,-2.0069131498715804,1.4059671895485832,49.09521715019454,3.0495143153857036,11319625096.07434,(22639250192.14868+0j),(1.2129977912987613+0j),(0.7906145467958056+0j),(-0.0006930664871730855+0j),(10.784003584702674+0j),(0.09272993950213827+0j)
331,-2.0062816609841763,1.405102057019696,49.11475286824842,3.0497273336315893,11190326944.84798,(22380653889.69596+0j),(0.9985982872288844+0.09970971560516508j),(0.9985982872288844-0.09970971560516508j),(0.00021362816643508573+0j),(10.765574998983148+0j),(0.09288867525373667+0j)
332,-2.0056520996815,1.40423989918321,49.13429168558465,3.049938266200968,11060518561.263874,(22121037122.52775+0j),(1.100343521340014+0j),(0.8975497518413582+0j),(0.0017484204132545847+0j),(10.74339642120449+0j),(0.09308043385857322+0j)
333,-2.005024459499889,1.4033807046618236,49.1538335800995,3.050147128813377,10930231607.10585,(21860463214.2117+0j),(1.0007272993414464+0.05882139143475395j),(1.0007272993414464-0.05882139143475395j),(5.037683145422058e-07+0j),(10.717523017650748+0j),(0.09330514134222226+0j)
334,-2.0043987340972684,1.4025244622805355,49.17337853001706,3.0503539369815753,10799498790.633816,(21598997581.26763+0j),(1.0011653490502153+0.035977852016403584j),(1.0011653490502153-0.035977852016403584j),(-0.0021869820192712656+0j),(10.688010883695+0j),(0.0935627789756438+0j)
335,-2.003774917251943,1.4016711610643866,49.19292651388364,3.0505587060147996,10668352537.591476,(21336705075.182953+0j),(1.0018498162823857+0.17692002301513998j),(1.0018498162823857-0.17692002301513998j),(-0.0019635208382337435+0j),(10.654916963770342+0j),(0.09385338275282938+0j)
336,-2.0031530028613127,1.4008207902361245,49.21247751056214,3.0507614510219847,10536825798.434875,(21073651596.86975+0j),(1.0406870619491406+0j),(0.9591639513256773+0j),(-0.0001599564562003264+0j),(10.618299014875696+0j),(0.09417704272589758+0j)
337,-2.0025329849408005,1.3999733392141611,49.23203149922681,3.050962186914843,10404951287.8091,(20809902575.618202+0j),(1.152512467908716+0j),(0.8464201526285902+0j),(0.0011449349824091425+0j),(10.57821554432701+0j),(0.09453390279390243+0j)
338,-2.0019148576226824,1.3991287976104108,49.251588459357926,3.0511609284109404,10272762070.250347,(20545524140.500694+0j),(1.0770534991134717+0j),(0.9210679632896819+0j),(0.0007321861727840047+0j),(10.53472576981165+0j),(0.0949241605192896+0j)
339,-2.001298615155003,1.3982871552282587,49.271148370736704,3.051357690036684,10140291613.960964,(20280583227.92193+0j),(1.0006086433772574+0.07495350180553713j),(1.0006086433772574-0.07495350180553713j),(-0.0014374556465032464+0j),(10.487889569956376+0j),(0.0953480672474815+0j)
340,-2.000684251900561,1.3974484020606268,49.29071121344031,3.0515524861302437,10007573224.350494,(20015146448.70099+0j),(0.9997335765102562+0.14133138771576262j),(0.9997335765102562-0.14133138771576262j),(-0.00021555069054950027+0j),(10.437767431071292+0j),(0.09580592848077818+0j)
341,-2.0000717623358444,1.396612528287996,49.31027696783696,3.0517453308444207,9874640072.22041,(19749280144.44082+0j),(1.0242747910113827+0j),(0.9733723801055486+0j),(0.001546358015515787+0j),(10.38442040356637+0j),(0.09629810438498548+0j)
342,-1.999461141050081,1.3957795242765785,49.3298456145811,3.051936238149465,9741526393.12613,(19483052786.25226+0j),(1.0325493896808586+0j),(0.9687786606253833+0j),(-0.0010158341931065197+0j),(10.327910062533261+0j),(0.09682501047601987+0j)
343,-1.9988523827442768,1.394949380576495,49.34941713460887,3.0521252218358192,9608265318.249653,(19216530636.499306+0j),(1.000158292735298+0.042296449742476885j),(1.000158292735298-0.042296449742476885j),(-7.080376998443715e-05+0j),(10.26829845196771+0j),(0.09738711868163687+0j)
344,-1.9982454822303333,1.3941220879200682,49.36899150913346,3.0523122955168085,9474890992.894163,(18949781985.78833+0j),(1.1578817996763053+0j),(0.8423170452988107+0j),(0.0006127900929600611+0j),(10.205648050831472+0j),(0.09798495842886024+0j)
345,-1.997640434430076,1.393297637219999,49.3885687196406,3.052497472631306,9341436868.858335,(18682873737.716675+0j),(1.0010118957646754+0.07249894653508203j),(1.0010118957646754-0.07249894653508203j),(-0.0008399098516043948+0j),(10.140021725706587+0j),(0.09861911808975495+0j)
346,-1.997037234374457,1.392476019567796,49.4081487478843,3.0526807664462985,9207937231.645782,(18415874463.291565+0j),(1.0217140541193477+0j),(0.9784344066748166+0j),(0.0009688730066228933+0j),(10.071482689653314+0j),(0.09929024661160123+0j)
347,-1.9964358772027315,1.3916572262321691,49.42773157588254,3.0528621900594404,9074425547.050957,(18148851094.101913+0j),(1.079603489590181+0j),(0.921383506635823+0j),(-0.0008821098406260008+0j),(10.000094463301629+0j),(0.09999905537593029+0j)
348,-1.9958363581616667,1.390841248657488,49.44731718591318,3.0530417564015178,8940936135.960644,(17881872271.921288+0j),(1.000178575956347+0.06736202735442956j),(1.000178575956347-0.06736202735442956j),(-0.0007004361207105403+0j),(9.925920829698079+0j),(0.10074632038251134+0j)
349,-1.9952386726047,1.3900280784621657,49.46690556050973,3.053219478238929,8807502581.442127,(17615005162.884254+0j),(0.9983807220104437+0.08397821282286361j),(0.9983807220104437-0.08397821282286361j),(0.0019654988745266945+0j),(9.849025801581888+0j),(0.10153288458637019+0j)
350,-1.9946428159912764,1.3892177074373064,49.48649668245752,3.0533953681760426,8674158704.193909,(17348317408.387817+0j),(1.0688892570370547+0j),(0.9267073515809267+0j),(0.003014835632267075+0j),(9.769473578268652+0j),(0.10235966062947867+0j)
351,-1.9940487838860788,1.388410127545214,49.506090534789664,3.053569438657548,8540938833.242535,(17081877666.48507+0j),(1.0066237448391036+0j),(0.9920397972785271+0j),(0.0005758517807765556+0j),(9.687328501644515+0j),(0.10322763389622394+0j)
352,-1.993456571958356,1.3876053309180263,49.52568710078334,3.0537417019707798,8407876433.738655,(16815752867.47731+0j),(0.9993457615367598+0.08379578485754878j),(0.9993457615367598-0.08379578485754878j),(-8.175795831239879e-05+0j),(9.602655033027022+0j),(0.1041378656799402+0j)
353,-1.992866175981262,1.3868033098563946,49.545286363956,3.0539121702479504,8275005489.413071,(16550010978.826141+0j),(1.0005175906483523+0.17640154718259218j),(1.0005175906483523-0.17640154718259218j),(-0.0007589538808613394+0j),(9.515517700936417+0j),(0.10509149700828574+0j)
354,-1.9922775918311824,1.3860040568281344,49.56488830806165,3.054080855468384,8142359497.369268,(16284718994.738537+0j),(1.2003774044070092+0j),(0.7982731832033088+0j),(0.0014724116077669456+0j),(9.425981076892995+0j),(0.106089752551252+0j)
355,-1.9916908154871389,1.385207564467,49.584492917087374,3.054247769460689,8009971751.692194,(16019943503.384388+0j),(1.0903130721884238+0j),(0.9072814427910881+0j),(0.0021388985915641694+0j),(9.334109737025681+0j),(0.10713394508676241+0j)
356,-1.9911058430302035,1.3844138255714806,49.60410017524976,3.054412923904863,7877876440.659161,(15755752881.318321+0j),(1.0002351757631218+0.11604523047844068j),(1.0002351757631218-0.11604523047844068j),(-0.00035875948628389217+0j),(9.239968203849834+0j),(0.10822548064435104+0j)
357,-1.990522670642881,1.3836228331035425,49.62371006699135,3.054576330334441,7746106647.904997,(15492213295.809994+0j),(1.0657818551707152+0j),(0.9338753891959222+0j),(0.00046847314960564126+0j),(9.143620947430435+0j),(0.1093658634527402+0j)
358,-1.9899412946085933,1.3828345801875404,49.64332257697745,3.0547380001385127,7614695396.062948,(15229390792.125896+0j),(1.0000138898772235+0.04533774822067995j),(1.0000138898772235-0.04533774822067995j),(-0.00046446672927258294+0j),(9.04513233275809+0j),(0.11055670201514321+0j)
359,-1.989361711311124,1.3820490601090616,49.66293769009264,3.0548979445637636,7483675726.612379,(14967351453.224758+0j),(1.2162056794843812+0j),(0.7841994478347856+0j),(0.0014518473727545252+0j),(8.944566581721695+0j),(0.11179971559983345+0j)
360,-1.9887839172341228,1.3812662663138726,49.68255539143761,3.055056174716441,7353080823.266806,(14706161646.533611+0j),(0.9981750867816264+0.20513929393193828j),(0.9981750867816264-0.20513929393193828j),(0.00043392924870921284+0j),(8.841987732949104+0j),(0.11309674138924568+0j)
361,-1.9882079089605944,1.3804861924068357,49.70217566632596,3.0552127015643222,7222943273.793909,(14445886547.587818+0j),(1.0004058899095525+0.10568691142574457j),(1.0004058899095525-0.10568691142574457j),(-4.235274115416293e-05+0j),(8.737459625983318+0j),(0.11444974200812329+0j)
362,-1.9876336831724508,1.3797088321509288,49.72179850028104,3.0553675359386183,7093295291.800947,(14186590583.601894+0j),(1.1110069587619582+0j),(0.888192496591036+0j),(0.0006565866617068213+0j),(8.631045862710575+0j),(0.11586081407824379+0j)
363,-1.9870612366500104,1.3789341794661962,49.74142387903282,3.05552068853586,6964169894.560627,(13928339789.121254+0j),(0.9985381693779425+0.1199148674078922j),(0.9985381693779425-0.1199148674078922j),(0.0011713970976825877+0j),(8.52280973435893+0j),(0.11733219808592192+0j)
364,-1.986490566271606,1.3781622284288428,49.76105178851505,3.0556721699197587,6835598461.959793,(13671196923.919586+0j),(0.9992546147260578+0.024840913316368063j),(0.9992546147260578-0.024840913316368063j),(0.0008695060774216197+0j),(8.412814262648567+0j),(0.11886628763932702+0j)
365,-1.9859216690131325,1.3773929732702752,49.78068221486205,3.0558219905229924,6707613292.543657,(13415226585.087315+0j),(1.1033840067910443+0j),(0.8956642817502902+0j),(0.0006011652415804121+0j),(8.301122082162651+0j),(0.12046564188581343+0j)
366,-1.9853545419476648,1.3766264083762072,49.80031514440597,3.055970160649043,6580245613.330101,(13160491226.660202+0j),(1.1372098102202404+0j),(0.8615649336531059+0j),(0.0015373240302012966+0j),(8.18779547053052+0j),(0.12213299704413201+0j)
367,-1.984789182245032,1.375862528285752,49.81995056367384,3.0561166904739068,6453526834.923218,(12907053669.846436+0j),(1.000104791815909+0.15744615526737357j),(1.000104791815909-0.15744615526737357j),(-0.000882597650193273+0j),(8.07289626797103+0j),(0.1238712807406795+0j)
368,-1.984225587171488,1.3751013276906163,49.83958845938474,3.0562615900478534,6327488118.704178,(12654976237.408356+0j),(1.206404576296462+0j),(0.792711024737496+0j),(0.0021099547376683767+0j),(7.956485853722695+0j),(0.12568362696608865+0j)
369,-1.9836637540893312,1.3743428014342485,49.85922881844713,3.056404869297114,6202159939.444836,(12404319878.889671+0j),(0.9992766632203001+0.08120309866424408j),(0.9992766632203001-0.08120309866424408j),(-0.0001530928256620963+0j),(7.838625126172814+0j),(0.1275733925151349+0j)
370,-1.9831036804565367,1.3735869445110016,49.87887162795592,3.0565465380255668,6077572977.354929,(12155145954.709858+0j),(1.0003841640840276+0.0918502092193799j),(1.0003841640840276-0.0918502092193799j),(-0.0013458817715547853+0j),(7.719374425574687+0j),(0.12954417610412322+0j)
371,-1.9825453638264603,1.3728337520653977,49.89851687518998,3.0566866059163793,5953756904.967983,(11907513809.935966+0j),(1.0012772449465293+0.1488433069576302j),(1.0012772449465293-0.1488433069576302j),(-0.0018537497255651137+0j),(7.598793545714057+0j),(0.13159983805118286+0j)
372,-1.9819888018474976,1.3720832193913453,49.918164547609386,3.056825082533615,5830741595.953827,(11661483191.907654+0j),(1.0669270487287519+0j),(0.9351241565919113+0j),(-0.000684396029307052+0j),(7.476941637355635+0j),(0.13374452396472714+0j)
373,-1.9814339922627808,1.371335341931394,49.937814632852806,3.0569619773238554,5708556414.555719,(11417112829.111439+0j),(1.0009122977377078+0.19605693049035622j),(1.0009122977377078-0.19605693049035622j),(-0.001869438853665247+0j),(7.3538771946924175+0j),(0.13598268961057472+0j)
374,-1.9808809329098864,1.3705901152760254,49.957467118734975,3.0570972996177534,5587230390.518168,(11174460781.036335+0j),(1.0006079228900915+0.04125233402443739j),(1.0006079228900915-0.04125233402443739j),(0.00017639123372944056+0j),(7.229658000082822+0j),(0.13831912934038043+0j)
375,-1.9803296217205348,1.3698475351629251,49.97712199324411,3.0572310586315914,5466791976.8650055,(10933583953.730011+0j),(1.1400981765555838+0j),(0.8603953259960231+0j),(0.0006077862312396405+0j),(7.104341086888963+0j),(0.1407590074533149+0j)
376,-1.9797800567203407,1.3691075974763334,49.996779244539454,3.0573632634688046,5347269170.976435,(10694538341.95287+0j),(1.0001801690314474+0.1758698145134395j),(1.0001801690314474-0.1758698145134395j),(-0.0007367085897212423+0j),(6.97798268104727+0j),(0.14330789365762558+0j)
377,-1.979232236028523,1.368370298246345,50.01643886094876,3.0574939231214757,5228690054.97537,(10457380109.95074+0j),(1.000447317932407+0.12100438297643823j),(1.000447317932407-0.12100438297643823j),(-0.0008852808287552691+0j),(6.850638112900808+0j),(0.1459718034320038+0j)
378,-1.978686157857668,1.367635633648281,50.036100830965886,3.0576230464718224,5111081726.827501,(10222163453.655003+0j),(0.9997086589686128+0.14344118756230304j),(0.9997086589686128-0.14344118756230304j),(-0.0009801460445909142+0j),(6.7223618155489+0j),(0.14875724149321085+0j)
379,-1.9781418205134529,1.3669036000020085,50.055765143248365,3.0577506422936698,4994470797.584198,(9988941595.168396+0j),(1.0007326624319888+0.050471429079830474j),(1.0007326624319888-0.050471429079830474j),(-0.0018723726348084543+0j),(6.593207232304185+0j),(0.15167125266447426+0j)
380,-1.977599222394456,1.3661741937713947,50.07543178661504,3.057876719253854,4878883966.866262,(9757767933.732525+0j),(1.0440096792372502+0j),(0.9583775692679456+0j),(-0.001003912316479448+0j),(6.463226707571082+0j),(0.15472147972601105+0j)
381,-1.977058361991864,1.365447411563601,50.0951007500437,3.058001285913687,4764346821.5942135,(9528693643.188427+0j),(1.0009708013415928+0.17275639511557903j),(1.0009708013415928-0.17275639511557903j),(-0.0012516622033361096+0j),(6.332471480911288+0j),(0.1579162263919419+0j)
382,-1.9765192378892984,1.364723250128569,50.11477202266874,3.05812435073031,4650885313.682764,(9301770627.365528+0j),(1.0012535377729668+0.049243065665270196j),(1.0012535377729668-0.049243065665270196j),(-0.00042227173476341997+0j),(6.2009915045151764+0j),(0.16126453314310493+0j)
383,-1.975981848762569,1.3640017063583856,50.1344455937789,3.0582459220581146,4538523830.441183,(9077047660.882366+0j),(1.0019869610377752+0.0632708135898017j),(1.0019869610377752-0.0632708135898017j),(-0.0021510265803393893+0j),(6.068835471537982+0j),(0.16477625809596877+0j)
384,-1.975446193379448,1.3632827772866971,50.15412145281496,3.058366008150081,4427286882.604813,(8854573765.209625+0j),(0.9995024473579213+0.037010176140050546j),(0.9995024473579213-0.037010176140050546j),(7.598237272813422e-05+0j),(5.936050595184441+0j),(0.1684621759813901+0j)
385,-1.9749122705994988,1.3625664600881895,50.173799589367455,3.0584846171591327,4317198267.18619,(8634396534.37238+0j),(1.0001867879055901+0.15527474910755912j),(1.0001867879055901-0.15527474910755912j),(-0.0010871396842307335+0j),(5.8026825403565745+0j),(0.17233408738898373+0j)
386,-1.9743800793738508,1.3618527520780097,50.19347999317451,3.0586017571394444,4208281330.1588144,(8416562660.317629+0j),(1.1084072324270777+0j),(0.8932237567291486+0j),(0.0002737557558519656+0j),(5.668775265123065+0j),(0.1764049469649762+0j)
387,-1.97384961874498,1.361141650711177,50.21316265411954,3.058717436047792,4100558733.251676,(8201117466.503351+0j),(1.1660893346256436+0j),(0.8297402901667804+0j),(0.002570762012497184+0j),(5.534370877532196+0j),(0.18068901093343628+0j)
388,-1.9733208878465351,1.3604331535820875,50.2328475622291,3.0588316617448017,3994053003.502591,(7988106007.005182+0j),(1.1446137914958765+0j),(0.8566867862528703+0j),(0.00033392929326810664+0j),(5.399509408932099+0j),(0.18520201082451898+0j)
389,-1.972793885903156,1.3597272584239777,50.25253470767071,3.058944441996262,3888785088.987496,(7777570177.974991+0j),(1.000290962174387+0.14486417395365092j),(1.000290962174387-0.14486417395365092j),(-0.0005856131890311289+0j),(5.264228714731502+0j),(0.18996135126152242+0j)
390,-1.97226861223024,1.3590239631083498,50.27222408075064,3.0590557844743733,3784776454.4433374,(7569552908.886677+0j),(1.0316984400326812+0j),(0.9633808050968966+0j),(0.003429267510706704+0j),(5.128564060838501+0j),(0.1949863525418458+0j)
391,-1.971745066233774,1.358323265644472,50.29191567191182,3.059165696758992,3682046982.544968,(7364093965.089935+0j),(1.1247187939516337+0j),(0.8735184655862387+0j),(0.0013967416059430745+0j),(4.992548002144512+0j),(0.2002985248355286+0j)
392,-1.971223247410144,1.3576251641788524,50.311609471731664,3.0592741863388664,3580616883.69783,(7161233767.39566+0j),(1.0007879019967567+0.03374816603278501j),(1.0007879019967567-0.03374816603278501j),(-0.000698527692130428+0j),(4.85620988116794+0j),(0.20592190709838232+0j)
393,-1.970703155345942,1.3569296569947118,50.33130547091994,3.0593812606128696,3480504843.11755,(6961009686.2351+0j),(0.99996342482505+0.11607998073416394j),(0.99996342482505-0.11607998073416394j),(-0.00047862299344711266+0j),(4.719575577473668+0j),(0.21188345934601915+0j)
394,-1.970184789717772,1.356236742511465,50.35100366031672,3.059486926891182,3381729765.1462,(6763459530.2924+0j),(1.1383745333348978+0j),(0.8648664130271942+0j),(-0.0005886133914191061+0j),(4.5826668665850185+0j),(0.2182135488162357+0j)
395,-1.9696681502920583,1.3555464192841935,50.37070403089017,3.0595911923965042,3284309107.0148964,(6568618214.029793+0j),(1.1837508344097416+0j),(0.8138915815893909+0j),(0.002129847182795772+0j),(4.445500977722124+0j),(0.22494652571476165+0j)
396,-1.9691532369248463,1.3548586860031226,50.39040657373453,3.0596940642652277,3188260032.02262,(6376520064.04524+0j),(1.0875227218363182+0j),(0.9093079309295912+0j),(0.0016547277955091247+0j),(4.308089770088126+0j),(0.23212143974883298+0j)
397,-1.9686400495616232,1.3541735414931182,50.41011128006805,3.0597955495486073,3093598955.5520325,(6187197911.104065+0j),(1.1147764598996397+0j),(0.8825712585116382+0j),(0.0021919141721646303+0j),(4.170438887622684+0j),(0.23978291660571974+0j)
398,-1.9681285882371,1.3534909847131396,50.42981814123085,3.059895655213915,3000341523.9867773,(6000683047.973555+0j),(1.1026117501979855+0j),(0.8983808157869354+0j),(-5.6365212583974e-05+0j),(4.032546660616556+0j),(0.2479822514557566+0j)
399,-1.9676188530750025,1.3528110147557113,50.44952714868288,3.0599943881455625,2908503110.825203,(5817006221.650406+0j),(0.9995692150918086+0.15125445597349452j),(0.9995692150918086-0.15125445597349452j),(-0.0003043879382273979+0j),(3.894402670996706+0j),(0.2567787885540229+0j)
400,-1.967110844287903,1.3521336308464256,50.46923829400188,3.0600917551462796,2818097831.7573624,(5636195663.514725+0j),(1.143646136598759+0j),(0.8594824140443347+0j),(-0.0012395312606291928+0j),(3.755986093921023+0j),(0.26624166729971643+0j)
401,-1.9666045621769528,1.3514588323433487,50.48895156888126,3.060187762938197,2729139183.964855,(5458278367.92971+0j),(1.0836011166930826+0j),(0.9143235587456039+0j),(0.0010778543877823926+0j),(3.617263368782591+0j),(0.2764520849187334+0j)
402,-1.9661000071317245,1.3507866187365476,50.50866696512812,3.0602824181639807,2641639777.5102243,(5283279555.020449+0j),(0.9992857268738202+0.04461855138842368j),(0.9992857268738202-0.04461855138842368j),(0.0004883540182862954+0j),(3.4781852675130276+0j),(0.28750624911798667+0j)
403,-1.965597179629949,1.3501169896475018,50.528384474661145,3.060375727387899,2555612189.720064,(5111224379.440128+0j),(1.0777996341253355+0j),(0.92107340919059+0j),(0.0013978897177498503+0j),(3.338682864051973+0j),(0.29951931366925666+0j)
404,-1.9650960802372843,1.34944994482853,50.54810408950856,3.0604676970969575,2471067395.2842474,(4942134790.568495+0j),(0.9973497517963141+0.10807325363805408j),(0.9973497517963141-0.10807325363805408j),(0.0016194709648940139+0j),(3.1986623897693196+0j),(0.31263068062405575+0j)
405,-1.964596709607108,1.34878548416228,50.5678258018061,3.0605583337019397,2388016418.224598,(4776032836.449196+0j),(1.001158225597883+0.07690306712488136j),(1.001158225597883-0.07690306712488136j),(-0.0019830998617251135+0j),(3.0579976895632197+0j),(0.3270113654477521+0j)
406,-1.964099068480252,1.3481236076611138,50.58754960379501,3.0606476435385175,2306468381.8706226,(4612936763.741245+0j),(1.2969248291083701e-05+0j),(0.95145998757376+0j),(1.0492649722077754+0j),(2.916520046467787+0j),(0.34287437907764745+0j)
407,-1.9636031576847528,1.3474643154665464,50.607275487819855,3.0607356328682727,2226432734.4325485,(4452865468.865097+0j),(-0.0008130111223672618+0j),(1.0007897452424426+0.16478884442558295j),(1.0007897452424426-0.16478884442558295j),(2.7740027526625495+0j),(0.36048990904581746+0j)
408,-1.963108978135596,1.3468076078486473,50.62700344632662,3.0608223078797785,2147917595.1128006,(4295835190.225601+0j),(0.0014482969229797638+0j),(0.9378757220295283+0j),(1.06139596744511+0j),(2.630138490973823+0j),(0.3802081158205085+0j)
409,-1.9626165308344536,1.3461534852054546,50.64673347186061,3.0609076746896298,2070930406.8382704,(4141860813.6765404+0j),(-0.0006963845024348873+0j),(1.0009147694089777+0.08325934123572278j),(1.0009147694089777-0.08325934123572278j),(2.4845034847039615+0j),(0.40249490739561206+0j)
410,-1.9621258168693565,1.3455019480622934,50.66646555706438,3.060991739343496,1995477546.421368,(3990955092.8427353+0j),(0.0005924211869207108+0j),(0.9334423859806681+0j),(1.0672176365368204+0j),(2.336498647878014+0j),(0.42799083188354853+0j)
411,-1.9616368374144888,1.3448529970712657,50.68619969467572,3.0610745078171195,1921565030.1365683,(3843130060.273137+0j),(-0.0006750960095948891+0j),(1.0001404638181337+0.04102981329025754j),(1.0001404638181337-0.04102981329025754j),(2.185246243395555+0j),(0.4576143320334686+0j)
412,-1.9611495937297936,1.344206633010479,50.70593587752556,3.0611559860173725,1849197711.9117284,(3698395423.823457+0j),(-0.002127419925667779+0j),(1.0014678726243655+0.17753961449862488j),(1.0014678726243655-0.17753961449862488j),(2.029393716147972+0j),(0.4927580055279869+0j)
413,-1.9606640871607224,1.3435628567834788,50.725674098535954,3.0612361797832364,1778379570.4195046,(3556759140.8390093+0j),(-0.0005709244514213919+0j),(1.0005854317030254+0.13970963673349193j),(1.0005854317030254-0.13970963673349193j),(1.8666965543959755+0j),(0.5357057083783977+0j)
414,-1.9601803191378733,1.3429216694185286,50.745414350717965,3.061315094886825,1709114050.039958,(3418228100.079916+0j),(0.001904497671588179+0j),(0.8547287502914258+0j),(1.1425381195615554+0j),(1.6929744197631933+0j),(0.5906763789970977+0j)
415,-1.9596982911766825,1.3422830720679564,50.76515662716968,3.061392737034388,1641403299.2806053,(3282806598.5612106+0j),(-0.0004736270807998562+0j),(1.0006604400214345+0.07095791530478542j),(1.0006604400214345-0.07095791530478542j),(1.4986825804738892+0j),(0.6672527011582777+0j)
416,-1.959218004877037,1.3416470660074131,50.784900921074026,3.0614691118672708,1575249061.0694742,(3150498122.1389484+0j),(0.0011101333871325059+0j),(0.910311604884548+0j),(1.08918009359364+0j),(1.248030303691496+0j),(0.8012625951807292+0j)
417,-1.9587394619229297,1.3410136526351708,50.80464722569679,3.061544224962933,1510651981.9969764,(3021303963.9939528+0j),(1.0653997416114207+0j),(0.9358135190192607+0j),(-0.0011057257118099488+0j),(0.9668800811798777+0.2552310886581457j),(0.9668800811798777-0.2552310886581457j)
418,-1.958262664082091,1.3403828334713983,50.82439553438451,3.061618081835903,1447611913.0307436,(2895223826.061487+0j),(1.1464969621829257+0j),(0.8533537848056298+0j),(0.0012766311250819577+0j),(0.9096864342130113+0.4152957878535462j),(0.9096864342130113-0.4152957878535462j)
419,-1.9577876132055432,1.339754610157336,50.844145840562334,3.0616906879387615,1386127754.5526228,(2772255509.1052456+0j),(1.1664835376643183+0j),(0.8312349512692234+0j),(0.0017880980871408814+0j),(0.853083059410133+0.5217751371496478j),(0.853083059410133-0.5217751371496478j)
420,-1.957314311227248,1.3391289844545968,50.863898137732,3.061762048663092,1326197664.530507,(2652395329.061014+0j),(1.0699261766642187+0j),(0.9330133119892414+0j),(-0.0012194750453954233+0j),(0.7970871457148703+0.6038642911583654j),(0.7970871457148703-0.6038642911583654j)
421,-1.956842760163623,1.338505958244283,50.88365241946965,3.061832169340456,1267818580.3322597,(2535637160.6645193+0j),(0.9996904980018015+0.034226601506919294j),(0.9996904980018015-0.034226601506919294j),(0.0001606743440731389+0j),(0.7417155548559919+0.6707145709500609j),(0.7417155548559919-0.6707145709500609j)
422,-1.9563729621131565,1.3378855335262536,50.903408679423805,3.0619010552433155,1210987072.8420677,(2421974145.6841354+0j),(0.9991239812199185+0.02653157640582158j),(0.9991239812199185-0.02653157640582158j),(0.0007247588542466277+0j),(0.6869847594723627+0.7266718243146674j),(0.6869847594723627-0.7266718243146674j)
423,-1.9559049192558904,1.3372677124181946,50.92316691131321,3.061968711586008,1155698347.0871782,(2311396694.1743565+0j),(1.0010432289451217+0.07735814056332072j),(1.0010432289451217-0.07735814056332072j),(-0.000891828158312702+0j),(0.6329109168464659+0.7742246258913875j),(0.6329109168464659-0.7742246258913875j)
424,-1.9554386338529923,1.3366524971548268,50.94292710892468,3.0620351435256694,1101947018.6513865,(2203894037.3027725+0j),(0.9999221356204795+0.15868276647585125j),(0.9999221356204795-0.15868276647585125j),(-0.0007719585428310824+0j),(0.579509812067222+0.8149652616633163j),(0.579509812067222-0.8149652616633163j)
425,-1.9549741082461944,1.3360398900869288,50.96268926611097,3.062100356163171,1049726740.5502552,(2099453481.1005101+0j),(1.1393006595831605+0j),(0.8608837334532063+0j),(0.0013253445060332088+0j),(0.5267968863955644+0.849991200239213j),(0.5267968863955644-0.849991200239213j)
426,-1.954511344857352,1.3354298936805202,50.98245337678871,3.062164354544043,999030258.7349956,(1998060517.4699912+0j),(0.9995965300292442+0.07456701224189359j),(0.9995965300292442-0.07456701224189359j),(-0.0006506141779079211+0j),(0.4747872341569126+0.8801006091815807j),(0.4747872341569126-0.8801006091815807j)
427,-1.954050346187844,1.3348225105158382,51.00221943493614,3.062227143659408,949849318.1866652,(1899698636.3733306+0j),(1.1192965004649644+0j),(0.8807578242797744+0j),(0.0010602508671927317+0j),(0.4234956116116467+0.905898154841841j),(0.4234956116116467-0.905898154841841j)
428,-1.953591114818072,1.3342177432864453,51.02198743459104,3.0622887284468714,902175024.1452274,(1804350048.2904549+0j),(1.0944399739656745+0j),(0.9051063876166977+0j),(0.0007114178493738792+0j),(0.3729364086331137+0.92785690443948j),(0.3729364086331137-0.92785690443948j)
429,-1.9531336534068453,1.3336155947981785,51.041757369848526,3.0623491137914733,855997172.5086188,(1711994345.0172377+0j),(0.9991358181123751+0.09257820101367913j),(0.9991358181123751-0.09257820101367913j),(-7.688643269425733e-05+0j),(0.3231237053306088+0.9463567356202676j),(0.3231237053306088-0.9463567356202676j)
430,-1.952677964690821,1.333016067968189,51.06152923485888,3.062408304526551,811305042.7142122,(1622610085.4284244+0j),(0.9989949955731493+0.018200052286860117j),(0.9989949955731493-0.018200052286860117j),(0.0011886655545008643+0j),(0.2740712077607499+0.961709401574553j),(0.2740712077607499-0.961709401574553j)
431,-1.9522240514838665,1.332419165823863,51.08130302382534,3.0624663054346666,768086911.276897,(1536173822.553794+0j),(1.0014456261848301+0.06540216426475882j),(1.0014456261848301-0.06540216426475882j),(-0.0018624897660950573+0j),(0.2257922897524703+0.974175467710235j),(0.2257922897524703-0.974175467710235j)
432,-1.9517719166764247,1.3318248915017603,51.10107873100197,3.0625231212484803,726330099.7942209,(1452660199.5884418+0j),(0.9994141236794476+0.0921027561661241j),(0.9994141236794476-0.0921027561661241j),(0.0009627419219597658+0j),(0.17829999122372414+0.9839761750823695j),(0.17829999122372414-0.9839761750823695j)
433,-1.9513215632348948,1.331233248246554,51.120856350691405,3.06257875665167,686021086.4419324,(1372042172.8838649+0j),(1.0738730797391318+0j),(0.9288020109124281+0j),(-0.0007104919652763196+0j),(0.13160701044199374+0.9913019695343318j),(0.13160701044199374-0.9913019695343318j)
434,-1.9508729942008955,1.330644239409844,51.14063587724268,3.062633216279785,647145367.359658,(1294290734.719316+0j),(1.0003435524716404+0.07645754660797748j),(1.0003435524716404-0.07645754660797748j),(-0.0003185457899545879+0j),(0.0857257187400412+0.9963187748640666j),(0.0857257187400412-0.9963187748640666j)
435,-1.950426212690615,1.3300578684490647,51.16041730504896,3.0626865047211282,609687804.500632,(1219375609.001264+0j),(1.0308040863515318+0j),(0.9686942995811129+0j),(-0.0005425814427947592+0j),(0.04066813058320513+0.9991727093726228j),(0.04066813058320513-0.9991727093726228j)
436,-1.9499812218940664,1.3294741389262708,51.18020062854536,3.062738626517653,573632124.7077837,(1147264249.4155674+0j),(1.0013307507649576+0.08033240860409738j),(1.0013307507649576-0.08033240860409738j),(-0.0012979882586649212+0j),(-0.0035540475844410497+0.9999936843530015j),(-0.0035540475844410497-0.9999936843530015j)
437,-1.9495380250743588,1.3288930545069528,51.19998584220673,3.062789586165798,538961417.5565474,(1077922835.1130948+0j),(0.9987065503106025+0.12197119155976183j),(0.9987065503106025-0.12197119155976183j),(0.0010041731220726863+0j),(-0.04692946150659427+0.9988982058462368j),(-0.04692946150659427-0.9988982058462368j)
438,-1.9490966255669029,1.3283146189587574,51.21977294054536,3.0628393881173865,505657582.2449652,(1011315164.4899304+0j),(1.11370518730417+0j),(0.8870379414383176+0j),(0.00035718617343116164+0j),(-0.08944705284046367+0.9959915786482718j),(-0.08944705284046367-0.9959915786482718j)
439,-1.94865702677866,1.327738836150279,51.23956191810877,3.0628880367804365,473702108.6029456,(947404217.2058911+0j),(1.0580301777393062+0j),(0.9411296352940923+0j),(0.0006205193782153764+0j),(-0.13109613298249762+0.9913696605793275j),(-0.13109613298249762-0.9913696605793275j)
440,-1.948219232187291,1.3271657100496992,51.25935276947746,3.062935536520062,443075295.9489409,(886150591.8978817+0j),(1.042760458299434+0j),(0.958160472445342+0j),(0.00020351793027310351+0j),(-0.17186630266834863+0.9851202840301324j),(-0.17186630266834863-0.9851202840301324j)
441,-1.947783245340355,1.3265952447235114,51.27914548926264,3.0629818916592906,413756669.23421705,(827513338.4684341+0j),(1.0957456371183598+0j),(0.9048941980583256+0j),(0.00017939203426232942+0j),(-0.2117474894692496+0.977324409141423j),(-0.2117474894692496-0.977324409141423j)
442,-1.947349069854429,1.3260274443351343,51.29894007210397,3.063027106479911,385725069.6058482,(771450139.2116964+0j),(1.0000398634193222+0.1132787307039933j),(1.0000398634193222-0.1132787307039933j),(-0.0010962900885961595+0j),(-0.2507299544967581+0.9680570695566013j),(-0.2507299544967581-0.9680570695566013j)
443,-1.9469167094142208,1.325462313143522,51.31873651266727,3.0630711852233006,358958462.605512,(717916925.211024+0j),(1.079439982257556+0j),(0.9195057043395825+0j),(0.000771517350245898+0j),(-0.2888042689070224+0.9573881627957799j),(-0.2888042689070224-0.9573881627957799j)
444,-1.9464861677716871,1.3248998555017673,51.33853480564226,3.0631141320912736,333434011.4121596,(666868022.8243191+0j),(1.0966850695628212+0j),(0.9018903423676096+0j),(0.0009239306833696729+0j),(-0.3259613174169322+0.9453831072893675j),(-0.3259613174169322-0.9453831072893675j)
445,-1.946057448745072,1.3243400758556167,51.35833494574035,3.0631559512469013,309128056.41212094,(618256112.8242419+0j),(1.0787803951010952+0j),(0.9176334359330668+0j),(0.001777504810278067+0j),(-0.362192291670806+0.9321033976198027j),(-0.362192291670806-0.9321033976198027j)
446,-1.945630556217972,1.3237829787420214,51.37813692769218,3.063196646815314,286016260.61027527,(572032521.2205505+0j),(1.0501080902169635+0j),(0.9491384310870523+0j),(-2.8233430957183306e-05+0j),(-0.3974887022312486+0.9176070681935034j),(-0.3974887022312486-0.9176070681935034j)
447,-1.945205494138353,1.3232285687876115,51.39794074624557,3.0632362228845293,264073552.49545544,(528147104.9909109+0j),(1.000809079355633+0.07610642435890266j),(1.000809079355633-0.07610642435890266j),(-0.0019986925752674086+0j),(-0.43184236800893583+0.901949094568516j),(-0.43184236800893583-0.901949094568516j)
448,-1.9447822665175416,1.3226768507071476,51.41774639616297,3.0632746835062683,243274020.40379936,(486548040.8075987+0j),(1.0750128160707255+0j),(0.9248651941414556+0j),(0.0005854202927855223+0j),(-0.46524539864833014+0.8851817435063661j),(-0.46524539864833014-0.8851817435063661j)
449,-1.9443608774292007,1.3221278293019565,51.4375538722194,3.0633120326967296,223591208.35942265,(447182416.71884525+0j),(1.0489620000123538+0j),(0.9515927810137518+0j),(3.945177241101795e-05+0j),(-0.49769022443846456+0.8673548526979644j),(-0.49769022443846456-0.8673548526979644j)
450,-1.9439413310082905,1.3215815094583303,51.45736316920002,3.063348274437427,204997817.01542917,(409995634.0308583+0j),(1.0936278858719706+0j),(0.906645335356056+0j),(0.0005002292122419321+0j),(-0.5291695550622753+0.8485161059139212j),(-0.5291695550622753-0.8485161059139212j)
451,-1.943523631449969,1.321037896145879,51.4771742818979,3.0633834126759236,187466122.11844972,(374932244.2368995+0j),(1.0452781505683646+0j),(0.953295727901408+0j),(0.0006024804126148837+0j),(-0.5596764254862344+0.8287112276028528j),(-0.5596764254862344-0.8287112276028528j)
452,-1.9431077830085124,1.3204969944158682,51.49698720511169,3.0634174513266794,170967479.4244933,(341934958.8489866+0j),(0.9999104940934499+0.084128055856579j),(0.9999104940934499-0.084128055856579j),(-0.0004250311819998344+0j),(-0.5892041279558002+0.807984217420222j),(-0.5892041279558002-0.807984217420222j)
453,-1.9431077830085124,1.3204969944158682,51.49698720511169,3.0634174513266794,170967479.4244933,(341934958.8489866+0j),(0.9999104940934499+0.084128055856579j),(0.9999104940934499-0.084128055856579j),(-0.0004250311819998344+0j),(-0.5892041279558002+0.807984217420222j),(-0.5892041279558002-0.807984217420222j)
454,-1.942281656736567,1.3194233462472005,51.53661846448965,3.0634822453652,140952703.2795524,(281905406.5591048+0j),(1.098043788142583+0j),(0.9008155695985277+0j),(0.0018521988001320435+0j),(-0.6452967700246177+0.7639319855825633j),(-0.6452967700246177-0.7639319855825633j)
455,-1.9414629874115463,1.318360606990225,51.57625690357253,3.063542687231354,114714181.06639788,(229428362.13279575+0j),(1.000252990932227+0.06467314992340202j),(1.000252990932227-0.06467314992340202j),(-0.00090759794498955+0j),(-0.697399759949338+0.7166823388523925j),(-0.697399759949338-0.7166823388523925j)
456,-1.9406518110779791,1.3173088198177902,51.61590248071799,3.0635988071264255,92004523.06216703,(184009046.1243341+0j),(1.1174624153164445+0j),(0.8807907121940268+0j),(0.0017658799724388683+0j),(-0.7454699094933841+0.6665392816933021j),(-0.7454699094933841-0.6665392816933021j)
457,-1.9398481646124457,1.3162680290389424,51.65555515415383,3.063650634794653,72569509.54761973,(145139019.09523946+0j),(0.0007552246854063416+0j),(1.1030808104298342+0j),(0.8971474776184113+0j),(-0.789468481957436+0.6137911012682725j),(-0.789468481957436-0.6137911012682725j)
458,-1.939052085682756,1.3152382800384703,51.69521488190554,3.0636981995467636,56149358.56070926,(112298717.1214185+0j),(0.9996100778615495+0.020027671603802148j),(0.9996100778615495-0.020027671603802148j),(0.0006318766167479432+0j),(-0.8293610962399873+0.5587129603328053j),(-0.8293610962399873-0.5587129603328053j)
459,-1.938263612705709,1.3142196192146818,51.7348816217243,3.0637415302830506,42480315.381701775,(84960630.76340353+0j),(-0.000965077681813552+0j),(1.000628162499119+0.046659517511667165j),(1.000628162499119-0.046659517511667165j),(-0.8651176568182628+0.5015689781689753j),(-0.8651176568182628-0.5015689781689753j)
460,-1.937482784803449,1.3132120939154075,51.77455533101564,3.063780655516034,31296034.97719581,(62592069.95439161+0j),(1.0560644608476502+0j),(0.9435185448533179+0j),(0.0004787125187372461+0j),(-0.8967122245854758+0.4426140375983566j),(-0.8967122245854758-0.4426140375983566j)
461,-1.936709641758452,1.3122157523723486,51.814235966768926,3.063815603392523,22329720.041742925,(44659440.08348583+0j),(0.9992948490789867+0.08442652093370376j),(0.9992948490789867-0.08442652093370376j),(0.0005538418271596841+0j),(-0.924122981854649+0.38209516407387456j),(-0.924122981854649-0.38209516407387456j)
462,-1.9359442239672813,1.3112306436338603,51.8539234854877,3.0638464017153257,15315907.410706151,(30631814.821412273+0j),(1.0380965551677694+0j),(0.9608570945864976+0j),(0.0010247532500037224+0j),(-0.9473321111112768+0.32025282396507876j),(-0.9473321111112768-0.32025282396507876j)
463,-1.935186572393057,1.3102568174961984,51.893617843121135,3.063873077964332,9992715.457173252,(19985430.914346457+0j),(1.0005390487386971+0.04076369104110907j),(1.0005390487386971-0.04076369104110907j),(-0.0008519322611174798+0j),(-0.9663257167115009+0.25732199521662996j),(-0.9663257167115009-0.25732199521662996j)
464,-1.934436728516752,1.3092943244333315,51.93331899499664,3.063895659317116,6104295.38047855,(12208590.760957018+0j),(1.0607770988911287+0j),(0.9394031215861193+0j),(0.00046558472722623773+0j),(-0.9810937478110788+0.19353309279346742j),(-0.9810937478110788-0.19353309279346742j)
465,-1.933694734287422,1.3083432155254795,51.97302689575385,3.0639141726689756,3403431.2247836245,(6806862.449567102+0j),(0.9995660330883697+0.060247858072279j),(0.9995660330883697-0.060247858072279j),(-0.0003003433345813344+0j),(-0.9916299089240534+0.12911283331929438j),(-0.9916299089240534-0.12911283331929438j)
466,-1.932960632071394,1.3074035423864108,52.012741499280125,3.063928644652436,1654415.806188617,(3308831.612376931+0j),(1.0006092272276108+0.05402271610666267j),(1.0006092272276108-0.05402271610666267j),(-0.0008316270079079949+0j),(-0.9979315789921184+0.06428501886710068j),(-0.9979315789921184-0.06428501886710068j)
467,-1.932234464600528,1.306475357089679,52.05246275864772,3.063939101656132,636190.4217023989,(1272380.8434040118+0j),(0.9996033937151976+0.05602528084401072j),(0.9996033937151976-0.05602528084401072j),(0.00027004899332230353+0j),(-0.9999997344647888+0.0007287459827141748j),(-0.9999997344647888-0.0007287459827141748j)
468,-1.9315162749196,1.305558712093836,52.092190626052606,3.063945569843137,145731.8620657679,(291463.72412810486+0j),(0.0015644420008933402+0j),(1.03333110567066+0j),(0.9640889313373623+0j),(-0.9978388706602264+0.06570835715414394j),(-0.9978388706602264-0.06570835715414394j)
469,-1.9308061063329085,1.3046536601667824,52.13192505275546,3.0639480751686845,1720.295813631372,(3440.5913366150317+0j),(1.2137905641512217+0j),(0.7969013858027671+0j),(-0.011845716999770411+0j),(-0.9914569274929799+0.13043450818809416j),(-0.9914569274929799-0.13043450818809416j)
470,-1.9301040023502367,1.3037602543094482,52.17166598902458,3.063946643397217,48509.474858312,(97018.94970631672+0j),(1.0626843672435184+0j),(0.9393973251804261+0j),(-0.0003336998719513826+0j),(-0.980865211980126+0.19468804772662793j),(-0.980865211980126-0.19468804772662793j)
471,-1.929410006632204,1.3028785476787903,52.21141338408104,3.063941300118929,160395.21544064462,(320790.43087817193+0j),(0.00037624681204517785+0j),(1.0211360003376218+0j),(0.9784646016281175+0j),(-0.9660783335031232+0.2582492082005086j),(-0.9660783335031232-0.2582492082005086j)
472,-1.92872416293518,1.302008593510438,52.25116718604627,3.0639320707655386,246218.5952646927,(492437.1905273547+0j),(1.0000143109616433+0.00656819401466714j),(1.0000143109616433-0.00656819401466714j),(3.934844344026456e-05+0j),(-0.9471141348553636+0.32089689240890973j),(-0.9471141348553636-0.32089689240890973j)
473,-1.9280465150556687,1.3011504450407871,52.29092734189212,3.0639189806254894,254291.45474934933,(508582.9094967324+0j),(1.0112342937649152+0j),(0.9887784826516051+0j),(7.98977860165651e-05+0j),(-0.9239936169901382+0.3824078918667473j),(-0.9239936169901382-0.3824078918667473j)
474,-1.9273771067746808,1.3003041554292565,52.330693797393565,3.06390205485849,246432.5901452848,(355381.3191095798+0j),(1.00000881876976+0.005002142968806394j),(1.00000881876976-0.005002142968806394j),(-2.0289524194315466e-06+0j),(-0.8967408891920139+0.4425559599095887j),(-0.8967408891920139-0.4425559599095887j)
475,-1.9267159818016617,1.29946977768015,52.370466497084045,3.0638813185094023,69375.2317986463,(119807.90668067607+0j),(7.207183126640422e-06+0j),(1.002168441098616+0j),(0.9978393062506257+0j),(-0.8653831008177921+0.5011108548207537j),(-0.8653831008177921-0.5011108548207537j)
476,-1.9260631837184328,1.2986473645647367,52.41024538421381,3.06385679652142,861.2289126386167,(1722.4361636299873+0j),(0.0005805659345510257+0j),(0.9985838695025254+0j),(1.0014181151284114+0j),(-0.8299503806027104+0.5578372215417275j),(-0.8299503806027104-0.5578372215417275j)
477,-1.9254187559232725,1.2978369685436724,52.45003040071114,3.063828513748652,163360.65652735173,(326721.31305164273+0j),(0.9999923970917484+0.0016694689894871224j),(0.9999923970917484-0.0016694689894871224j),(6.437813987293429e-06+0j),(-0.7904757886430707+0.6124932877749338j),(-0.7904757886430707-0.6124932877749338j)
478,-1.9247827415750205,1.2970386416896758,52.489821487146784,3.0637964949679812,779902.0204523413,(1559804.0409040414+0j),(1.0042751221569224+0j),(0.9957100242908723+0j),(7.29287343622877e-06+0j),(-0.7469952492516874+0.6648293747990018j),(-0.7469952492516874-0.6648293747990018j)
479,-1.924155183537368,1.2962524356106195,52.52961858270123,3.063760764890313,2159933.141874162,(4319866.283748092+0j),(1.0067281195725482+0j),(0.9932765672694973+0j),(-1.450009847096947e-05+0j),(-0.6995475226059438+0.7145860785210838j),(-0.6995475226059438-0.7145860785210838j)
480,-1.9235361243236184,1.2954784013734546,52.56942162513562,3.0637213481711116,4697542.618401273,(9395085.23680244+0j),(1.0114272856537407+0j),(0.9885951557033985+0j),(-2.6654240286916164e-05+0j),(-0.6481741310697243+0.761492150853955j),(-0.6481741310697243-0.761492150853955j)
481,-1.9229256060418072,1.2947165894287918,52.60923055076562,3.0636782694203135,8879579.770020196,(17759159.540040337+0j),(0.9999723115691462+0.016623244878339237j),(0.9999723115691462-0.016623244878339237j),(4.998929525319143e-05+0j),(-0.5929193323362982+0.8052618613482628j),(-0.5929193323362982-0.8052618613482628j)
482,-1.922323670340364,1.2939670495363946,52.649045294439006,3.0636315532115868,15294238.14245305,(30588476.284906067+0j),(1.0140405829371038+0j),(0.9856853660897421+0j),(0.00012317513336219382+0j),(-0.5338300698823595+0.8455917788682485j),(-0.5338300698823595-0.8455917788682485j)
483,-1.9217303583544456,1.293229830691765,52.688865789516285,3.063581224090913,24640123.86043207,(49280247.72086412+0j),(1.0166253713629685+0j),(0.9834285635076199+0j),(5.74896767159395e-06+0j),(-0.47095592021032295+0.8821567441328388j),(-0.47095592021032295-0.8821567441328388j)
484,-1.9211457106529355,1.2925049810537752,52.72869196785514,3.0635273065846107,37735753.4245046,(75471506.84900919+0j),(6.783748832945812e-05+0j),(0.9999636258382459+0.019289568895206485j),(0.9999636258382459-0.019289568895206485j),(-0.40434907326324343+0.9146047380980241j),(-0.40434907326324343-0.9146047380980241j)
485,-1.920569767186272,1.291792547873624,52.76852375979818,3.063469825206634,55529569.27977731,(111059138.5595546+0j),(1.008119361254475+0j),(0.9919519263840795+0j),(-2.016778837032625e-06+0j),(-0.3340642864351886+0.9425502917768884j),(-0.3340642864351886-0.9425502917768884j)
486,-1.920002567235219,1.291092577425191,52.80836109416418,3.0634088044653547,79110491.63752759,(158220983.27505517+0j),(0.9999164377574323+0.042398101532826936j),(0.9999164377574323-0.042398101532826936j),(0.00025646501368052676+0j),(-0.26015882993690764+0.9655658357698904j),(-0.26015882993690764-0.9655658357698904j)
487,-1.9194441493605423,1.290405114936796,52.84820389824306,3.06334426886969,109718836.88375424,(219437673.7675085+0j),(1.0001223268227002+0.03883586281262766j),(1.0001223268227002-0.03883586281262766j),(1.8362225852773337e-05+0j),(-0.18269248841222036+0.9831701046502086j),(-0.18269248841222036-0.9831701046502086j)
488,-1.9188945513537787,1.2897302045245782,52.88805209779416,3.0632762429346827,148757891.5374804,(297515783.0749608+0j),(-0.0001392264546403732+0j),(0.9400611248280659+0j),(1.0599611797680082+0j),(-0.10172749987431068+0.9948123017783654j),(-0.10172749987431068-0.9948123017783654j)
489,-1.918353810189125,1.289067889127545,52.92790561704809,3.063204751186476,197805900.9673167,(395611801.9346334+0j),(1.0212123455470816+0j),(0.9785956440278263+0j),(9.012466062897163e-05+0j),(-0.017328535888662615+0.9998498496495138j),(-0.017328535888662615-0.9998498496495138j)
490,-1.917821961976521,1.2884182104443644,52.96776437871222,3.0631298181667854,258628573.5099724,(517257147.0199448+0j),(1.0032912342216194+0j),(0.9965273075982316+0j),(-1.2219310292975704e-05+0j),(0.07043732368077693+0.9975162071028217j),(0.07043732368077693-0.9975162071028217j)
491,-1.9172990419159623,1.287781208871965,53.00762830397946,3.063051468436817,333192194.98580706,(666384389.9716141+0j),(0.9999138880495382+0.04991315110887137j),(0.9999138880495382-0.04991315110887137j),(0.00012758268095732303+0j),(0.16150063767280023+0.9868726078028119j),(0.16150063767280023-0.9868726078028119j)
492,-1.916785084253162,1.2871569234460865,53.04749731254058,3.0629697265806772,423677071.4482405,(847354142.896481+0j),(1.0741852621759578+0j),(0.9252841108868499+0j),(0.00023997812246765734+0j),(0.25578960533947137+0.9667324747832232j),(0.25578960533947137-0.9667324747832232j)
493,-1.9162801222365549,1.286545391783772,53.08737132259981,3.0628846172082893,532491797.6263703,(1064983595.2527406+0j),(0.9997400193815584+0.04792443995817818j),(0.9997400193815584-0.04792443995817818j),(0.0003753223389116473+0j),(0.3532301338865814+0.9355364624185416j),(0.3532301338865814-0.9355364624185416j)
494,-1.9157841880756927,1.2859466500278511,53.12725025089389,3.0627961649578745,662287513.9790616,(1324575027.9581232+0j),(0.9999929266154362+0.046516641034052425j),(0.9999929266154362-0.046516641034052425j),(-0.00011636419907580022+0j),(0.4537458043781989+0.8911311603852001j),(0.4537458043781989-0.8911311603852001j)
495,-1.915297312901132,1.285360732793563,53.16713401271426,3.0627043944979366,815973317.6274011,(1631946635.2548022+0j),(1.0001278636072872+0.059739316989973534j),(1.0001278636072872-0.059739316989973534j),(8.194077337355472e-05+0j),(0.5572579585042128+0.8303394291998664j),(0.5572579585042128-0.8303394291998664j)
496,-1.9148195267257724,1.2847876731172487,53.20702252193242,3.062609330528848,996731716.0505862,(1993463432.1011724+0j),(1.0000695700614168+0.09782376718863477j),(1.0000695700614168-0.09782376718863477j),(0.00015349511114887238+0j),(0.6636856978316406+0.7480115604012467j),(0.6636856978316406-0.7480115604012467j)
497,-1.91435085840774,1.2842275024072118,53.24691569102856,3.0625109977840586,1208034592.4052553,(2416069184.8105106+0j),(1.02284732546709+0j),(0.9764531813281097+0j),(0.00028095341625948437+0j),(0.7729458972289974+0.6344719378798703j),(0.7729458972289974-0.6344719378798703j)
498,-1.91389133561481,1.2836802503967826,53.28681343112293,3.0624094210308774,1453660018.4957051,(2907320036.9914103+0j),(1.0663243343258932+0j),(0.9339179119721367+0j),(5.176111150906402e-05+0j),(0.8849532637288495+0.4656798481959762j),(0.8849532637288495-0.4656798481959762j)
499,-1.9134409847903688,1.2831459450995355,53.32671565201034,3.062304625070925,1737709035.6853275,(3475418071.370655+0j),(1.046109951427488+0j),(0.9541579823609747+0j),(-5.520458797981867e-05+0j),(0.9996203316500403+0.027553449004695738j),(0.9996203316500403-0.027553449004695738j)
500,-1.91299983112102,1.2826246127668108,53.3666222621974,3.0621966347402667,2064623382.6311936,(4129246765.2623873+0j),(-0.00035592851158006145+0j),(0.8926480714119289+0j),(1.1076098707359994+0j),(1.6142212756567915+0j),(0.619493755336177+0j)
501,-1.9125678985057395,1.2821162778474189,53.40653316894242,3.062085474909196,2439203294.631132,(4878406589.262264+0j),(-0.00010852434816857896+0j),(1.000049602451036+0.10244305969849513j),(1.000049602451036-0.10244305969849513j),(1.9639747201710063+0j),(0.5091715233040879+0j)
502,-1.912145209526617,1.2816209629495456,53.44644827829792,3.061971170481784,2866625711.5991592,(5733251423.1983185+0j),(0.00016212327791308468+0j),(1.0000930760915787+0.10415825462052988j),(1.0000930760915787-0.10415825462052988j),(2.2784523196163544+0j),(0.43889441591149236+0j)
503,-1.9117317854212748,1.2811386888050085,53.4863674951557,3.061853746395113,3352463604.9856424,(6704927209.971285+0j),(-1.696325731337378e-05+0j),(0.8588044304631404+0j),(1.1407026804863523+0j),(2.578267564955484+0j),(0.38785734017383094+0j)
504,-1.9113276460568287,1.2806694742356417,53.5262907232941,3.061733227618306,3902704430.046879,(7805408860.093758+0j),(-2.2840918090238915e-06+0j),(1.0933317268352123+0j),(0.9066239384851139+0j),(2.8709708388595354+0j),(0.3483142310136855+0j)
505,-1.9109328099054936,1.280213336121977,53.56621786542773,3.0616096391513077,4523770302.396622,(9047540604.793243+0j),(0.9999941380079223+0.02865910546016567j),(0.9999941380079223-0.02865910546016567j),(0.0002373988372958058+0j),(3.160191054424043+0j),(0.3164365643654003+0j)
506,-1.910547294021728,1.27977028937404,53.60614882325896,3.061483006023504,5222537458.76969,(10445074917.53938+0j),(1.0001483096612382+0.12163427917075319j),(1.0001483096612382-0.12163427917075319j),(-1.206167435929243e-05+0j),(3.4479190109054203+0j),(0.2900300142889891+0j)
507,-1.910171114021043,1.2793403469044595,53.64608349753182,3.061353353292108,6006356619.141335,(12012713238.28267+0j),(1.0918590700055535+0j),(0.9079007954540582+0j),(4.696752196148288e-05+0j),(3.735327818167829+0j),(0.26771412006637+0j)
508,-1.909804284060317,1.2789235196036397,53.686021788087366,3.0612207060404497,6883073954.508858,(13766147909.017715+0j),(1.0000918896163657+0.10302580230851781j),(1.0000918896163657-0.10302580230851781j),(1.72332477814912e-05+0j),(4.0231327746404455+0j),(0.24856251484010922+0j)
509,-1.90944681681966,1.2785198163170692,53.72596359392101,3.061085089376097,7861050441.090185,(15722100882.18037+0j),(1.0395504166758822+0j),(0.9593316573631226+0j),(0.0007260574818879796+0j),(4.311770999520014+0j),(0.2319232631119818+0j)
510,-1.909098723485844,1.278129243824795,53.76590881324132,3.060946528428836,8949184241.539608,(17898368483.079216+0j),(0.9999451271768324+0.20247720332663874j),(0.9999451271768324-0.20247720332663874j),(0.0003655315227489283+0j),(4.601500052999243+0j),(0.21732043648429092+0j)
511,-1.908760013737244,1.277751806822952,53.80585734353034,3.0608050483485743,10156932009.83081,(20313864019.66162+0j),(1.143990152484345+0j),(0.8559129119697934+0j),(-0.0002740060918029492+0j),(4.892455794013222+0j),(0.2043963281638469+0j)
512,-1.908430695730212,1.2773875079072596,53.84580908160523,3.060660674303173,11494328999.42366,(22988657998.84732+0j),(0.9999530643917675+0.14739114729305552j),(0.9999530643917675-0.14739114729305552j),(-0.00010967978687663893+0j),(5.184688223666939+0j),(0.19287562855476403+0j)
513,-1.908110776086974,1.277036347558601,53.88576392368104,3.0605134314761937,12972011169.970932,(25944022339.941864+0j),(0.9997889169136882+0.132506446927353j),(0.9997889169136882-0.132506446927353j),(0.00015285049129719436+0j),(5.4781848335132555+0j),(0.18254221615208824+0j)
514,-1.907800259884905,1.2766983241305023,53.92572176543462,3.0603633450645518,14601237566.458143,(29202475132.91629+0j),(1.218837564038827+0j),(0.7810541990757748+0j),(-0.0003491770913398997+0j),(5.772886314785194+0j),(0.1732235740446117+0j)
515,-1.907499150647245,1.276373433838543,53.96568250206952,3.0602104402762222,16393910013.147266,(32787820026.294533+0j),(1.0889812762207491+0j),(0.9106889993240788+0j),(2.175513814908475e-05+0j),(6.068697372135042+0j),(0.16478000774793494+0j)
516,-1.9072074503351768,1.27606167075166,54.00564602838152,3.060054742327817,18362597249.950867,(36725194499.90173+0j),(1.2392704531057395+0j),(0.7605558448616356+0j),(2.290391310992169e-05+0j),(6.365494580638275+0j),(0.15709698395501653+0j)
517,-1.906925159341185,1.2757630267851692,54.04561223882503,3.059896276442228,20520554285.86238,(41041108571.72476+0j),(1.2637737291712097+0j),(0.7354991477735212+0j),(0.0001846451639727696+0j),(6.663131984564995+0j),(0.15007957253687515+0j)
518,-1.9066522764838645,1.2754774916957694,54.085581027580034,3.059735067846212,22881745522.283714,(45763491044.56743+0j),(0.9996079743995974+0.21171644690239202j),(0.9996079743995974-0.21171644690239202j),(0.00046994619142781967+0j),(6.961445379431638+0j),(0.1436483295487583+0j)
519,-1.906388799003816,1.2752050530780226,54.12555228861936,3.059571141768025,25460865004.056244,(50921730008.11249+0j),(0.9998339343318496+0.04524858968019999j),(0.9998339343318496-0.04524858968019999j),(0.0003066784681909753+0j),(7.2602555065439365+0j),(0.13773619938015413+0j)
520,-1.9061347225609515,1.2749456963627417,54.16552591577634,3.05940452343505,28273358373.181976,(56546716746.36395+0j),(1.094793012195637+0j),(0.9048738702756918+0j),(4.5668808564289806e-05+0j),(7.559370567973826+0j),(0.13228614618217208+0j)
521,-1.905890041232904,1.2746994048168845,54.20550180281283,3.0592352380714516,31335443824.643112,(62670887649.286224+0j),(0.9998069862544782+0.2827082645817568j),(0.9998069862544782-0.2827082645817568j),(0.0004618346207079776+0j),(7.858588192826917+0j),(0.1272493195295496+0j)
522,-1.9056547475146608,1.274466159545098,54.245479843487054,3.0590633108958776,34664132397.97281,(69328264795.94562+0j),(1.0001979905686738+0.08638290822739032j),(1.0001979905686738-0.08638290822739032j),(-8.955051916186703e-05+0j),(8.157697010918776+0j),(0.12258361626592984+0j)
523,-1.90542883231932,1.2742459394927892,54.28545993162164,3.058888767119182,38277250526.988495,(76554501053.97699+0j),(0.9999314559038666+0.14322253178456487j),(0.9999314559038666-0.14322253178456487j),(-3.967969645911311e-05+0j),(8.456477958389344+0j),(0.11825254023255032+0j)
524,-1.9052122849799555,1.274038721450688,54.325441961171485,3.0587116319422245,42193454835.65215,(84386909671.30429+0j),(1.194401591030922+0j),(0.8053687101053434+0j),(7.33218264141497e-05+0j),(8.75470529682742+0j),(0.11422429037818248+0j)
525,-1.9050050932525715,1.2738444800608923,54.36542582629144,3.058531930553687,46432259488.332825,(92864518976.66565+0j),(1.180426928936603+0j),(0.8196871755528369+0j),(-0.00016951376535127318+0j),(9.052147570694013+0j),(0.11047102272590754+0j)
526,-1.9048072433200829,1.2736631878242917,54.4054114214035,3.05834968812797,51014048835.604645,(102028097671.20929+0j),(1.1750800068194287+0j),(0.8250664886990174+0j),(-0.00015849392170922826+0j),(9.348568320067105+0j),(0.10696825072708675+0j)
527,-1.90461871979731,1.2734948151093648,54.445398641263886,3.0581649298231444,55960099234.58707,(111920198469.17413+0j),(1.200824015054292+0j),(0.7990102760343992+0j),(6.890083131909606e-05+0j),(9.643726765977343+0j),(0.10369435222162394+0j)
528,-1.9044395057369696,1.2733393301623206,54.48538738102936,3.0579776807789614,61292596549.48893,(122585193098.97786+0j),(1.000101983435873+0.12707750054383354j),(1.000101983435873-0.12707750054383354j),(-8.308391663196543e-05+0j),(9.937378387165273+0j),(0.10063016230637598+0j)
529,-1.9042695826365963,1.2731966991184902,54.52537753632293,3.05778796611494,67034653932.55859,(134069307865.11719+0j),(1.3071926427199543+0j),(0.6927957429652066+0j),(-0.0001269471189275015+0j),(10.229275439355792+0j),(0.09775863460991133+0j)
530,-1.904108930446384,1.2730668860149743,54.56536900329916,3.0575958109284853,73210326897.45807,(146420653794.91614+0j),(1.000058871256232+0.27213490353829156j),(1.000058871256232-0.27213490353829156j),(-3.083960796673659e-05+0j),(10.5191674221722+0j),(0.0950645578558348+0j)
531,-1.903957527577927,1.2729498528044787,54.60536167870834,3.057401240293135,79844634687.56966,(159689269375.1393+0j),(0.9999814538854863+0.11118285830789545j),(0.9999814538854863-0.11118285830789545j),(-2.051873055472751e-05+0j),(10.806801513187454+0j),(0.09253431727973217+0j)
532,-1.903815350913804,1.2728455593703074,54.6453554599601,3.0572042792568226,86963568366.61342,(173927136733.22684+0j),(1.168407843288289+0j),(0.8315825482154047+0j),(9.996686015514368e-05+0j),(11.091922959019788+0j),(0.0901556929032962+0j)
533,-1.9036823758180144,1.272753963542495,54.68535024518582,3.0570049528402192,94594111171.37663,(189188222342.75327+0j),(0.9999101201262397+0.4302657644027973j),(0.9999101201262397-0.4302657644027973j),(0.0001632020755520894+0j),(11.374275452483415+0j),(0.08791768795977857+0j)
534,-1.903558576147191,1.2726750211149769,54.725345933300346,3.056803286035176,102764246314.40784,(205528492628.81567+0j),(1.3297545280405312+0j),(0.6701759308547935+0j),(2.7801900557185946e-05+0j),(11.653601487149638+0j),(0.08581038240435168+0j)
535,-1.903443924262629,1.272608685863877,54.765342424062375,3.056599303803174,111502976917.75996,(223005953835.5199+0j),(1.3945991348483076+0j),(0.6054510447402347+0j),(-0.00010221705961870175+0j),(11.92964269018668+0j),(0.0838248073282836+0j)
536,-1.9033383910430344,1.2725549095667426,54.80533961813384,3.056393031073891,120840334152.18896,(241680668304.37793+0j),(0.9999584765743323+0.30246102793102525j),(0.9999584765743323-0.30246102793102525j),(8.948545093725019e-05+0j),(12.202140147246425+0j),(0.08195283679200922+0j)
537,-1.9032419458979968,1.2725136420227672,54.84533741713805,3.0561844927438067,130807381229.30373,(261614762458.60742+0j),(1.0000147645756539+0.503856077891713j),(1.0000147645756539-0.503856077891713j),(12.470834729302545+0j),(2.565655177844522e-05+0j),(0.0801870942649048+0j)
538,-1.9031545567822,1.2724848310740042,54.88533572371654,3.055973713674856,141436237287.34857,(282872474574.69714+0j),(0.999995847333821+0.35846619550830383j),(0.999995847333821-0.35846619550830383j),(12.735467378107963+0j),(3.465874780123956e-05+0j),(0.07852087169722043+0j)
539,-1.903076190210273,1.2724684226274292,54.925334441584646,3.055760718693185,152760068672.34268,(305520137344.68536+0j),(0.9999941812979456+0.32402605409745183j),(0.9999941812979456-0.32402605409745183j),(12.995779435202925+0j),(-3.0185240169400274e-05+0j),(0.07694805878989425+0j)
540,-1.9030068112723464,1.2724643606779689,54.96533347558569,3.0555455325878933,164813114004.00223,(329626228008.00446+0j),(1.720524764450829+0j),(0.27949245807940315+0j),(13.251512906850467+0j),(8.945626431835109e-06+0j),(0.07546308161536114+0j)
541,-1.902946383650174,1.2724725873322735,55.0053327317437,3.0553281801098904,177630680386.0148,(355261360772.0296+0j),(0.9999613520104842+0.3281296354056197j),(0.9999613520104842-0.3281296354056197j),(5.779223652625828e-06+0j),(13.502410773955015+0j),(0.07406084859537333+0j)
542,-1.9028948696339227,1.2724930428333845,55.0453321173147,3.05510868597079,191249138566.05692,(382498277132.1139+0j),(0.9999669897076637+0.3045474700241148j),(0.9999669897076637-0.3045474700241148j),(13.748217303825204+0j),(1.0405811418374829e-05+0j),(0.07273670308684062+0j)
543,-1.902852230139548,1.2725256655862076,55.08533154083645,3.054887074841796,205705950390.6125,(411411900781.2249+0j),(13.988678289192727+0j),(1.1132567668216649+0j),(0.8867909860671455+0j),(7.541966254418455e-06+0j),(0.07148638201019492+0j)
544,-1.9028184247267148,1.2725703921836975,55.125330912176615,3.05466337135269,221039643257.88635,(442079286515.7727+0j),(1.000003907658448+0.3393811210889199j),(1.000003907658448-0.3393811210889199j),(14.223541393545737+0j),(-4.3825010807422944e-05+0j),(0.07030597882284868+0j)
545,-1.902793411617288,1.2726271574338226,55.16533014257936,3.0544376000908047,237289829730.35107,(474579659460.70215+0j),(14.452556398061033+0j),(1.000003833957713+0.16860953672855356j),(1.000003833957713-0.16860953672855356j),(-2.37816599101946e-05+0j),(0.06919191127592433+0j)
546,-1.902777147714384,1.2726958943872535,55.20532914471025,3.054209785600097,254497205816.5648,(508994411633.1295+0j),(1.7000671458705767+0j),(14.675475490029218+0j),(0.2999501290446531+0j),(-4.420823510055407e-05+0j),(0.06814089265327282+0j)
547,-1.902769588621878,1.2727765343657007,55.24532783269953,3.0539799523801596,272703529469.6343,(545407058939.2686+0j),(1.6289951236724107+0j),(14.892053590057206+0j),(0.3709846265874766+0j),(6.327773804405195e-05+0j),(0.06714990608678752+0j)
548,-1.9027706886644644,1.2728690069909476,55.285326122183655,3.0537481248853524,291951648624.00653,(583903297248.0131+0j),(15.102048572091306+0j),(0.9999950743104647+0.2619687120894244j),(0.9999950743104647-0.2619687120894244j),(1.6616077690939946e-05+0j),(0.06621618221042765+0j)
549,-1.902780400908161,1.2729732402145173,55.325323930345085,3.053514327523868,312285451703.734,(624570903407.468+0j),(1.0000293695211058+0.4685526188558847j),(1.0000293695211058-0.4685526188558847j),(-2.3724042173876467e-05+0j),(15.305221641208126+0j),(0.06533717860755905+0j)
550,-1.9027986771813024,1.2730891603479568,55.36532117595034,3.0532785846568835,333749921821.0597,(667499843642.1195+0j),(1.000027273026204+0.2599567326326592j),(1.000027273026204-0.2599567326326592j),(15.501337497824256+0j),(-0.00011345271619660168+0j),(0.06451056240418733+0j)
551,-1.902825468095935,1.2732166920936865,55.40531777938629,3.0530409205976667,356391046045.3285,(712782092090.657+0j),(1.000152780643087+0.27427970255024786j),(1.000152780643087-0.27427970255024786j),(-0.0003791840240137368+0j),(15.690164787908113+0j),(0.06373419358676367+0j)
552,-1.902860723069707,1.2733557585764834,55.44531366269449,3.0528013596107284,380255883536.3857,(760511767072.7714+0j),(1.0000520793235794+0.3887669042385004j),(1.0000520793235794-0.3887669042385004j),(-0.00016621843496301828+0j),(15.871476237687599+0j),(0.06300611140545447+0j)
553,-1.902904390348116,1.273506281375456,55.48530874960392,3.0525599259109537,405392510953.0822,(810785021906.1644+0j),(0.9999520315902108+0.701478766900726j),(0.9999520315902108-0.701478766900726j),(5.261732835092076e-05+0j),(16.045049026319468+0j),(0.06232452131249131+0j)
554,-1.9029564170271656,1.2736681805565466,55.52530296556169,3.0523166436627642,431850015562.1501,(863700031124.3002+0j),(1.3059677864524364+0j),(16.210665061311975+0j),(0.6940076778407921+0j),(5.215377126956505e-05+0j),(0.06168778370404709+0j)
555,-1.903016749076412,1.2738413747055637,55.56529623776202,3.052071536979239,459678469940.78455,(919356939881.5691+0j),(16.36811128315355+0j),(1.1041087672942531+0j),(0.8957467402583369+0j),(0.00034589313461015246+0j),(0.06109440378926175+0j)
556,-1.9030853313623657,1.2740257809616695,55.60528849517323,3.0518246299212555,488928945487.5501,(977857890975.1001+0j),(1.5237591816963223+0j),(0.476417262795363+0j),(0.0001895927723904887+0j),(16.517179905380896+0j),(0.06054302282405863+0j)
557,-1.9031621076722527,1.2742213150513515,55.64527966856296,3.0515759464966017,519653451889.20605,(1039306903778.4121+0j),(1.181286203354123+0j),(0.8183732447818821+0j),(0.0001495968208659745+0j),(16.657668771153496+0j),(0.060032409921146765+0j)
558,-1.903247020738092,1.2744278913228009,55.68526969052152,3.051325510659082,551904947341.3466,(1103809894682.693+0j),(1.1099220130775365+0j),(0.8894929749231315+0j),(0.0011286933870934017+0j),(16.78938159387522+0j),(0.05956145522151075+0j)
559,-1.9033400122611093,1.2746454227807376,55.7252584954832,3.051073346307593,585737293788.9614,(1171474587577.9229+0j),(1.0002042199393237+0.5859013318145517j),(1.0002042199393237-0.5859013318145517j),(0.00021895305936073595+0j),(16.912128279201358+0j),(0.059129163609175146+0j)
560,-1.9034410229364227,1.274873821121566,55.76524601974592,3.050819477285232,621205250567.1382,(1242410501134.2764+0j),(1.0001802219915574+0.31627428565449894j),(1.0001802219915574-0.31627428565449894j),(-0.0004778627393823961+0j),(17.02572518886102+0j),(0.058734649414822614+0j)
561,-1.9035499924780583,1.275112996769002,55.805232201488856,3.0505639273782768,658364449269.1182,(1316728898538.2363+0j),(0.9995366365427528+0.5970905664200398j),(0.9995366365427528-0.5970905664200398j),(17.12999543147187+0j),(0.0009618250869294023+0j),(0.05837713173953784+0j)
562,-1.9036668596441848,1.2753628589099386,55.84521698078819,3.0503067203152345,697271322620.1013,(1394542645240.2026+0j),(0.9992421439137407+0.24655901995281887j),(0.9992421439137407-0.24655901995281887j),(0.001152703237027831+0j),(17.22476919851501+0j),(0.05805593029872447+0j)
563,-1.903791562262656,1.2756233155307326,55.88520029963106,3.0500478797658155,737983137734.3301,(1475966275468.6602+0j),(0.9998717321800215+0.44672082526573614j),(0.9998717321800215-0.44672082526573614j),(17.30988397865475+0j),(0.0008339196748442278+0j),(0.05777046231125153+0j)
564,-1.9039240372567456,1.2758942734537193,55.92518210192758,3.0497874293398883,780557920573.7869,(1561115841147.5737+0j),(1.7442547985264278+0j),(0.2550260607385898+0j),(0.0009335747358389915+0j),(17.385184893730095+0j),(0.057520239566784516+0j)
565,-1.9040642206711256,1.276175638374046,55.9651623335211,3.0495253925863954,825054403325.4412,(1650108806650.8823+0j),(0.999868554373494+0.240253414968666j),(0.999868554373494-0.240253414968666j),(-0.0005232807045495005+0j),(17.450524993319043+0j),(0.05730486620795189+0j)
566,-1.9042120476980933,1.276467314896815,56.00514094219648,3.0492617929922288,871532084664.3538,(1743064169328.7075+0j),(1.5636049751653172+0j),(17.505765456954308+0j),(0.4337037973800422+0j),(0.0009707993767843126+0j),(0.05712403736140588+0j)
567,-1.9043674527038863,1.2767692065743286,56.04511787768668,3.0489966539810736,920051059081.7686,(1840102118163.537+0j),(0.9992915586328333+1.414391381565431j),(0.9992915586328333-1.414391381565431j),(17.550775985049327+0j),(0.0011262051059957342+0j),(0.056977537679950584+0j)
568,-1.9045303692553093,1.277081215943724,56.085093091677486,3.0487299989122034,970672079072.864,(1941344158145.728+0j),(1.0001273648427444+0.25648576284094615j),(1.0001273648427444-0.25648576284094615j),(-0.0003781823590001895+0j),(17.58543499425848+0j),(0.056865241054743165+0j)
569,-1.9047007301463912,1.2774032445646335,56.12506653781046,3.0484618510792476,1023456457253.5936,(2046912914507.187+0j),(1.791767696997857+0j),(0.20390491895589508+0j),(0.00371223474914855+0j),(17.60962993376998+0j),(0.056787110448168296+0j)
570,-1.904878467425304,1.2777351930571663,56.165038171684095,3.0481922337089036,1078466078761.367,(2156932157522.734+0j),(1.747156816672259+0j),(0.2501746050869421+0j),(-0.0009298809590288709+0j),(17.62325752693352+0j),(0.05674319849624907+0j)
571,-1.905063512421304,1.278076961139899,56.20500795085328,3.0479211699596105,1135763242891.8235,(2271526485783.6475+0j),(1.0000219462305506+0.7711038515679238j),(1.0000219462305506-0.7711038515679238j),(0.0036692682702380705+0j),(17.62622409100943+0j),(0.05673364838874484+0j)
572,-1.905255795771896,1.2784284476681371,56.244975834827,3.047648682920167,1195410831151.036,(2390821662302.0723+0j),(1.0022161441962898+0.584579533368493j),(1.0022161441962898-0.584579533368493j),(-0.005734251089466182+0j),(17.61844571722311+0j),(0.056758695747067184+0j)
573,-1.9054552474499853,1.2787895506721354,56.2849417850644,3.04737479560832,1257471982191.667,(2514943964383.334+0j),(1.6127770132039265+0j),(0.39434819989592074+0j),(-0.006366367475117302+0j),(17.599848633473243+0j),(0.056818670479866995+0j)
574,-1.9056617967911904,1.2791601673954995,56.32490576496911,3.0470995309693016,1322010240483.0713,(2644020480966.1426+0j),(1.3158876460304096+0j),(0.6878826259781975+0j),(-0.006885619210382161+0j),(17.570369386409364+0j),(0.05691399981461923+0j)
575,-1.9058753725211968,1.279540194333617,56.36486773988205,3.0468229118743033,1389089483048.0024,(2778178966096.005+0j),(1.000772210659635+0.7130216143392153j),(1.000772210659635-0.7130216143392153j),(0.004208215868934831+0j),(17.529955115511925+0j),(0.05704521166257461+0j)
576,-1.9060959027831457,1.279929527272104,56.4048276770725,3.046544961118931,1458773786987.288,(2917547573974.576+0j),(0.9972523303911915+0.9946524313849867j),(0.9972523303911915-0.9946524313849867j),(0.004624959320156423+0j),(17.47856380929822+0j),(0.05721293871229167+0j)
577,-1.9063233151650665,1.2803280613252768,56.44478554572777,3.046265701421592,1531127453717.1958,(3062254907434.3916+0j),(1.0009102182540723+0.671774827411841j),(1.0009102182540723-0.671774827411841j),(-0.0019020614659229058+0j),(17.416164538943097+0j),(0.05741792331860331+0j)
578,-1.9065575367273424,1.280735690974633,56.4847413169412,3.045985155421838,1606214853743.793,(3212429707487.586+0j),(0.9972622530246438+1.0430859121577578j),(0.9972622530246438-1.0430859121577578j),(0.00850269877312719+0j),(17.342737686154102+0j),(0.05766102319583933+0j)
579,-1.9067984940301468,1.281152310107268,56.52469496369872,3.0457033456786595,1684100493537.124,(3368200987074.248+0j),(1.8816856524553722+0j),(0.12590342315225556+0j),(-0.005988486799255128+0j),(17.258275180528855+0j),(0.0579432179369608+0j)
580,-1.907046113160885,1.281577812054244,56.564646460864,3.0454202946687614,1764848899810.704,(3529697799621.408+0j),(1.0026061081745343+0.2677205720998256j),(1.0026061081745343-0.2677205720998256j),(-0.0037677029139804147+0j),(17.162780722968844+0j),(0.058265616518772795+0j)
581,-1.9073003197616027,1.2820120896288971,56.604595785162125,3.0451360247847523,1848524546265.768,(3697049092531.535+0j),(1.000925580385145+0.7097242091947893j),(1.000925580385145-0.7097242091947893j),(-0.0022238905943527953+0j),(17.056269993848147+0j),(0.0586294659008682+0j)
582,-1.9075610390563216,1.282455035164997,56.64454291516194,3.04485055833332,1935191791593.8115,(3870383583187.623+0j),(0.9938086284556211+1.071235382632282j),(0.9938086284556211-1.071235382632282j),(0.005606596102438824+0j),(16.93877085279236+0j),(0.05903616081067131+0j)
583,-1.907828195878372,1.2829065405548672,56.68448783125706,3.0445639175333463,2024914903634.4504,(4049829807268.9004+0j),(2.2117411685550272+0j),(-0.22931781393535416+0j),(0.009497175154352437+0j),(16.81032358267839+0j),(0.05948725466716836+0j)
584,-1.908101714697548,1.2833664972872345,56.72443051564555,3.0442761245139778,2117757766750.373,(4235515533500.746+0j),(1.001728375910874+1.0357362092065026j),(1.001728375910874-1.0357362092065026j),(-0.0017854004715516817+0j),(16.6709809467487+0j),(0.059984472611091987+0j)
585,-1.9083815196473004,1.2838347964850676,56.76437095230844,3.0439872013126825,2213784183732.966,(4427568367465.932+0j),(2.5863038371062217+0j),(-0.5973579109126023+0j),(0.012855362375216828+0j),(16.520808587606822+0j),(0.0605297249645912+0j)
586,-1.908667534551688,1.2843113289430754,56.80430912698699,3.043697169873231,2313057490239.6904,(4626114980479.381+0j),(1.000604490256169+1.2358266308231154j),(1.000604490256169-1.2358266308231154j),(0.0037508346669974215+0j),(16.359885003641217+0j),(0.061125124032245806+0j)
587,-1.9089596829522653,1.2847959851650614,56.84424502715885,3.0434060520436548,2415640573382.002,(4831281146764.004+0j),(1.656417801763726+0j),(0.3369289161288503+0j),(0.0005059771452109633+0j),(16.18830173514659+0j),(0.06177300228034186+0j)
588,-1.909257888134857,1.285288655401079,56.88417864201304,3.043113869574193,2521595956115.839,(5043191912231.678+0j),(3.076111816304464+0j),(-1.0835380443733722+0j),(0.00981917183015585+0j),(16.006163660695208+0j),(0.062475932471934406+0j)
589,-1.9095620731561087,1.2857892296842657,56.92410996242393,3.042820644115136,2630985479175.1045,(5261970958350.209+0j),(2.4909099939265826+0j),(-0.49989780168035425+0j),(-0.0025731358329824177+0j),(15.81358888433085+0j),(0.06323675209437728+0j)
590,-1.9098721608699143,1.2862975978674351,56.96403898092428,3.0425263972147207,2743870512117.8115,(5487741024235.623+0j),(2.306580855860798+0j),(-0.2748279393976716+0j),(-0.0224604956029706+0j),(15.610709158214771+0j),(0.06405858887418399+0j)
591,-1.9101880739536408,1.2868136496593792,57.003965691677166,3.042231150316926,2860311611046.84,(5720623222093.68+0j),(1.0116041622100793+1.156190892322574j),(1.0116041622100793-1.156190892322574j),(-0.0105037910403514+0j),(15.397669664569154+0j),(0.06494489242756867+0j)
592,-1.9105097349341489,1.2873372746608291,57.043890090447135,3.041934924759288,2980368669938.428,(5960737339876.855+0j),(2.1407599171945124+0j),(-0.16430484644484838+0j),(0.01833139333807269+0j),(15.174629382438955+0j),(0.06589946777594846+0j)
593,-1.910837066213606,1.2878683624001106,57.08381217457042,3.0416377417706397,3104100699157.24,(6208201398314.48+0j),(0.9964365983339539+1.6921318992055927j),(0.9964365983339539-1.6921318992055927j),(0.006833227246550696+0j),(14.941760942414557+0j),(0.06692651581393774+0j)
594,-1.9111699900950967,1.2884068023684627,57.12373194292438,3.0413396224688665,3231565957630.708,(6463131915261.416+0j),(1.0014336825485066+2.9458703967468787j),(1.0014336825485066-2.9458703967468787j),(0.02193820179024719+0j),(14.699251042021231+0j),(0.06803067701491737+0j)
595,-1.9115084288078907,1.288952484054856,57.16364939589619,3.041040587858638,3362821542125.7617,(6725643084251.523+0j),(2.0344701426104663+0j),(-0.0882410524589178+0j),(0.03910518856691884+0j),(14.447299826232541+0j),(0.06921708637795389+0j)
596,-1.9118523045326168,1.289505296980648,57.2035645353508,3.0407406588290615,3497923699007.635,(6995847398015.27+0j),(0.19395095463005418+0j),(1.806929328754677+0j),(0.004156085175559787+0j),(14.186121644713307+0j),(0.07049142993731988+0j)
597,-1.912201539426035,1.2900651307336253,57.24347736459819,3.040439856151403,3636927585914.3486,(7273855171828.697+0j),(1.0101785188654557+1.4215443591694457j),(1.0101785188654557-1.4215443591694457j),(-0.0005702387504661254+0j),(13.915944774663632+0j),(0.0718600149823391+0j)
598,-1.9125560556455448,1.2906318750016692,57.283387888360174,3.0401382004767292,3779887100678.028,(7559774201356.057+0j),(2.5452980302977783+0j),(-0.5514458048078356+0j),(0.02002988198221517+0j),(13.63701105465634+0j),(0.07332985182696282+0j)
599,-1.912915775373472,1.2912054196060587,57.32329611273642,3.0398357123335584,3926854968220.9688,(7853709936441.9375+0j),(3.002510309206138+0j),(-1.0300037594849378+0j),(0.0033821250914290325+0j),(13.349576208475836+0j),(0.0749087449956609+0j)
600,-1.9132806208409912,1.2917856545342432,57.36320204517018,3.0395324121254914,4077882675264.51,(8155765350529.02+0j),(1.0076454585580943+1.447821665217037j),(1.0076454585580943-1.447821665217037j),(0.01202157798572756+0j),(13.053909876362667+0j),(0.0766054009466704+0j)
601,-1.913650514351757,1.2923724699721726,57.40310569441333,3.039228320128842,4233020311475.37,(8466040622950.74+0j),(1.0162752095352896+2.3941911785681924j),(1.0162752095352896-2.3941911785681924j),(-0.0022712939489314106+0j),(12.750295165435572+0j),(0.07842955688675236+0j)
602,-1.914025378305145,1.2929657563360553,57.443007070491234,3.0389234564902585,4392316521918.357,(8784633043836.715+0j),(1.0134641415566643+0.986230441517755j),(1.0134641415566643-0.986230441517755j),(-0.014498745427678372+0j),(12.439028406124885+0j),(0.08039213090857043+0j)
603,-1.914405135219284,1.2935654043037812,57.48290618466706,3.0386178412243425,4555818526418.781,(9111637052837.562+0j),(1.0317104020868313+2.33267388688461j),(1.0317104020868313-2.33267388688461j),(-0.0019155064420729082+0j),(12.120419525594617+0j),(0.08250539495675036+0j)
604,-1.9147897077535976,1.294171304845652,57.52280304940587,3.0383114942112526,4723571970261.254,(9447143940522.508+0j),(1.0066574461492404+0.09699667099383742j),(1.0066574461492404-0.09699667099383742j),(0.0060509691829546365+0j),(11.794791316794981+0j),(0.08478318718335344+0j)
605,-1.915179018731068,1.294783349254669,57.562697678338445,3.038004435194333,4895620888521.467,(9791241777042.934+0j),(3.3423337780005884+0j),(-1.3640587539775537+0j),(0.010966954084194003+0j),(11.462479151215241+0j),(0.08724116195181254+0j)
606,-1.915572991160135,1.2954014291763043,57.60259008622478,3.037696683777712,5072007659184.162,(10144015318368.324+0j),(1.0125197869521052+2.4403427722772264j),(1.0125197869521052-2.4403427722772264j),(0.03099139393424006+0j),(11.123830783716969+0j),(0.08989708846204186+0j)
607,-1.915971548256176,1.296025436637641,57.64248028891755,3.0373882594239467,5252772903827.029,(10505545807654.059+0j),(-1.5919172145540301+0j),(3.549714532959115+0j),(0.016084890789963995+0j),(10.779206180876196+0j),(0.09277120997784107+0j)
608,-1.9163746134626056,1.2966552640759696,57.68236830332536,3.0370791814516362,5437955508331.539,(10875911016663.078+0j),(1.0166409681172146+1.718023320878631j),(1.0166409681172146-1.718023320878631j),(-0.037645679834602645+0j),(10.428975901322573+0j),(0.09588669198800848+0j)
609,-1.916782110471656,1.2972908043668958,57.72225414737584,3.0367694690330795,5627592412405.852,(11255184824811.703+0j),(2.7539264744284107+0j),(-0.68211902049818+0j),(-0.052758849741909794+0j),(10.073522130629115+0j),(0.0992701447450947+0j)
610,-1.9171939632446413,1.297931950851728,57.76213783997888,3.0364591411918953,5821718759657.174,(11643437519314.348+0j),(1.0621108333324227+1.7331172300888698j),(1.0621108333324227-1.7331172300888698j),(-0.05900525350121722+0j),(9.713236062943917+0j),(0.10295230070807224+0j)
611,-1.9176100960318816,1.298578597364329,57.80201940098968,3.0361482168007408,6020367717931.172,(12040735435862.344+0j),(2.327383709520223+0j),(-0.32735682241613434+0j),(-0.05158359537975462+0j),(9.348518073165893+0j),(0.10696882566563301+0j)
612,-1.918030433392244,1.2992306382574392,57.84189885117188,3.0358367145789478,6223570364590.797,(12447140729181.594+0j),(3.051051947704163+0j),(-1.0365147614238153+0j),(-0.07134317956912051+0j),(8.979776499646036+0j),(0.11136134624731163+0j)
613,-1.918454900212158,1.299887968428224,57.88177621216088,3.0355246530902713,6431355736413.561,(12862711472827.121+0j),(3.6794859116107244+0j),(-1.7552911344339728+0j),(-0.025114044400305954+0j),(8.60742568842207+0j),(0.11617875497266293+0j)
614,-1.918883421724331,1.300550483343395,57.92165150642702,3.035212050740565,6643750806724.879,(13287501613449.758+0j),(2.67248984517943+0j),(-0.6695739169305285+0j),(0.03628549378323762+0j),(8.231884145666747+0j),(0.12147887194538379+0j)
615,-1.919315923525931,1.3012180790635497,57.96152475723928,3.0348989257755723,6860780366294.176,(13721560732588.352+0j),(4.207105673473071+0j),(-2.1758546606953773+0j),(0.003995813035538896+0j),(7.853572377948623+0j),(0.12733058942811745+0j)
616,-1.919752331596368,1.301890652266941,58.00139598862876,3.0345852962786823,7082466953133.041,(14164933906266.082+0j),(3.063305581096156+0j),(-1.0993745809232376+0j),(-0.01743841001180066+0j),(7.47290982702405+0j),(0.1338166822760618+0j)
617,-1.92019257231466,1.3025681002726417,58.04126522535274,3.0342711801687368,7308831001511.496,(14617662003022.992+0j),(-1.7634682336569654+0j),(3.745351896615773+0j),(0.03624397879372306+0j),(7.090310484687021+0j),(0.14103754724991566+0j)
618,-1.9206365724763497,1.3032503210630666,58.0811324928587,3.0339565951978518,7539890461012.168,(15079780922024.336+0j),(0.9606341090205943+1.84102741806191j),(0.9606341090205943-1.84102741806191j),(0.016950241032575027+0j),(6.706178206405278+0j),(0.1491162282334741+0j)
619,-1.921084259309908,1.3039372133057507,58.1209978172489,3.03364155894931,7775660879334.375,(15551321758668.75+0j),(0.9952883218602813+1.0814173217935323j),(0.9952883218602813-1.0814173217935323j),(0.014440432899027293+0j),(6.320899140928515+0j),(0.15820534036457679+0j)
620,-1.9215355604927804,1.3046286763746338,58.16086122524505,3.0333260888354086,8016155932485.92,(16032311864971.84+0j),(3.5037734489585723+0j),(-1.522301448395302+0j),(0.007890715624650468+0j),(5.934830922176826+0j),(0.16849679681081828+0j)
621,-1.9219904041669185,1.3053246103705756,58.20072274415347,3.0330102020954453,8261386114925.008,(16522772229850.016+0j),(-2.142078983752583+0j),(4.18781196289234+0j),(0.07559056518355177+0j),(5.548290156391418+0j),(0.18023570718422596+0j)
622,-1.922448718953914,1.3060249161413355,58.240582401830565,3.0326939157936375,8511360034164.385,(17022720068328.77+0j),(1.0918555958158218+2.736356870454802j),(1.0918555958158218-2.736356870454802j),(-0.019831413054232125+0j),(5.1615295810392094+0j),(0.19374101887822795+0j)
623,-1.9229104339695944,1.3067294953007662,58.28044022664877,3.032377246817151,8766083730690.086,(17532167461380.172+0j),(1.0856605785289422+2.8772681273075706j),(1.0856605785289422-2.8772681273075706j),(-0.012518176967768833+0j),(4.774707154117803+0j),(0.20943692832307254+0j)
624,-1.9233754788382345,1.307438250247459,58.32029624746282,3.0320602118741515,9025560640239.242,(18051121280478.484+0j),(1.024890699432289+2.6643642377863888j),(1.024890699432289-2.6643642377863888j),(0.05607046974520031+0j),(4.387835668354416+0j),(0.22790279207873118+0j)
625,-1.9238437837062976,1.3081510841827266,58.36015049357664,3.031742827491879,9289792025663.586,(18579584051327.17+0j),(1.2839380034962682+1.4914535865687333j),(1.2839380034962682-1.4914535865687333j),(-0.3825768677957934+0j),(4.000698666092763+0j),(0.24995634099512717+0j)
626,-1.9243152792557043,1.3088679011279127,58.40000299471049,3.0314251100147738,9558775576235.477,(19117551152470.953+0j),(0.9534605188210189+1.1893830822180425j),(0.9534605188210189-1.1893830822180425j),(0.04907391901972235+0j),(3.612703811773758+0j),(0.2768009923043318+0j)
627,-1.9247898967166184,1.3095886059410142,58.43985378096888,3.031107075602666,9832508080605.023,(19665016161210.047+0j),(1.008086514049423+2.3208039542024994j),(1.008086514049423-2.3208039542024994j),(-0.0026468694023451+0j),(3.2225973386050843+0j),(0.3103087028655972+0j)
628,-1.9252675678798667,1.3103131043327858,58.47970288280871,3.030788740228977,10110981936645.266,(20221963873290.53+0j),(0.9415401446651434+1.6527829382659693j),(0.9415401446651434-1.6527829382659693j),(0.020337367525972712+0j),(2.8278622043568076+0j),(0.35362401974890745+0j)
629,-1.925748225108804,1.3110413028820596,58.51955033100828,3.0304701196789945,10394187972670.832,(20788375945341.664+0j),(1.00619800116528+2.7205596631039706j),(1.00619800116528-2.7205596631039706j),(0.053937041789948896+0j),(2.423202405103449+0j),(0.4126770417091841+0j)
630,-1.9262318013507944,1.311773109050527,58.559396156636566,3.0301512295481636,10682114537425.754,(21364229074851.508+0j),(3.010302911055783+0j),(-1.1741513502637189+0j),(-0.020816637585902575+0j),(1.995632272126274+0j),(0.5010943218187154+0j)
631,-1.9267182301481751,1.312508431196774,58.59924039102325,3.0298320852404963,10974746591751.656,(21949493183503.312+0j),(4.655617033399439+0j),(-2.7798249760478466+0j),(-0.06502000277081495+0j),(1.4964085136578953+0j),(0.6682667138509335+0j)
632,-1.927207445648888,1.313247178589881,58.63908306572926,3.0295127019668975,11272066894218.57,(22544133788437.14+0j),(1.0289398957568392+3.723656530764315j),(1.0289398957568392-3.723656530764315j),(-0.09912559651393868+0j),(0.9201891290446562+0.3914740946583958j),(0.9201891290446562-0.3914740946583958j)
633,-1.92769938261652,1.3139892614221511,58.67892421251796,3.0291930947436985,11574055843514.123,(23148111687028.25+0j),(1.0737924972719415+3.2584855116985993j),(1.0737924972719415-3.2584855116985993j),(-0.03247185415850329+0j),(0.7622467353040797+0.6472865783553021j),(0.7622467353040797-0.6472865783553021j)
634,-1.9281939764400016,1.3147345908213857,58.71876386332696,3.0288732783911367,11880690759104.348,(23761381518208.695+0j),(0.9903178450912982+1.6877809409530495j),(0.9903178450912982-1.6877809409530495j),(0.16460481384550452+0j),(0.6088416002186506+0.7932918163222692j),(0.6088416002186506-0.7932918163222692j)
635,-1.928691163142844,1.3154830788625091,58.75860205024048,3.028553267531897,12191946588643.717,(24383893177287.43+0j),(0.9756375579900982+3.6742961517643025j),(0.9756375579900982-3.6742961517643025j),(-0.029501494085940373+0j),(0.4603066620029946+0.8877599770863333j),(0.4603066620029946-0.8877599770863333j)
636,-1.92919087939192,1.3162346385785368,58.798438805462496,3.0282330765897676,12507794890387.676,(25015589780775.35+0j),(3.4560645331321633+0j),(-1.396915035649849+0j),(-0.10672050045347597+0j),(0.31697647121925776+0.9484334012961355j),(0.31697647121925776-0.9484334012961355j)
637,-1.9296930625058344,1.3169891839709993,58.83827416129037,3.0279127197882523,12828205393121.262,(25656410786242.523+0j),(4.158942750501239+0j),(-1.7910779886886348+0j),(-0.31393436025487165+0j),(0.1791865424018393+0.9838151162809038j),(0.1791865424018393-0.9838151162809038j)
638,-1.930197650462851,1.3177466300197145,58.87810815008926,3.0275922111493294,13153144718896.885,(26306289437793.766+0j),(1.0251897819421107+5.3035636808509885j),(1.0251897819421107-5.3035636808509885j),(0.12725817167655254+0j),(0.0472732202943058+0.9988819963557881j),(0.0472732202943058-0.9988819963557881j)
639,-1.930704581908411,1.3185068926920147,58.91794080426718,3.0272715644921995,13482577737842.969,(26965155475685.938+0j),(4.663632905272086+0j),(-2.7140270489968152+0j),(-0.09987290186811083+0j),(-0.07842689875043493+0.9969198671673781j),(-0.07842689875043493-0.9969198671673781j)
640,-1.9312137961622489,1.3192698889514014,58.95777215625064,3.026950793432101,13816465840993.262,(27632931681986.523+0j),(1.160010438466955+3.2351204284655517j),(1.160010438466955-3.2351204284655517j),(-0.04679720590880126+0j),(-0.197577108116383+0.9802873488671531j),(-0.197577108116383-0.9802873488671531j)
641,-1.931725233225044,1.3200355367655527,58.99760223846104,3.0266299113792137,14154767316839.934,(28309534633679.867+0j),(4.20643516166105+0j),(-2.2135417982099783+0j),(-0.07274760679034906+0j),(-0.3098410811040698+0.9507883594474267j),(-0.3098410811040698-0.9507883594474267j)
642,-1.9322388337847192,1.3208037551138512,59.03743108329178,3.026308931537554,14497440281639.805,(28994880563279.61+0j),(0.822185514620184+3.5501240501631925j),(0.822185514620184-3.5501240501631925j),(-0.062029406920759714+0j),(-0.41488356447708374+0.9098745121870129j),(-0.41488356447708374-0.9098745121870129j)
643,-1.9327545392223069,1.3215744639942972,59.07725872308592,3.025987866903991,14844437102607.133,(29688874205214.266+0j),(0.6129085857955758+1.764966282982943j),(0.6129085857955758-1.764966282982943j),(0.5874056037525264+0j),(-0.5123702291021427+0.858764664113846j),(-0.5123702291021427-0.858764664113846j)
644,-1.93327229161746,1.3223475844299462,59.11708519011463,3.025666730267247,15195709858173.645,(30391419716347.29+0j),(4.2035480149366045+0j),(-2.4868799653556035+0j),(0.00216242548766952+0j),(-0.6019686355908562+0.7985197316068349j),(-0.6019686355908562-0.7985197316068349j)
645,-1.9337920337534904,1.3231230384746775,59.15691051655629,3.025345534207023,15551206508992.39,(31102413017984.78+0j),(0.9891952377176987+4.915360040990312j),(0.9891952377176987-4.915360040990312j),(-0.0521608123828423+0j),(-0.6833483290007776+0.7300925018465647j),(-0.6833483290007776-0.7300925018465647j)
646,-1.9343137091221243,1.323900749218588,59.19673473447626,3.0250242910931107,15910874283902.57,(31821748567805.14+0j),(1.0214031253624558+3.6052260558876936j),(1.0214031253624558-3.6052260558876936j),(0.030415386609372458+0j),(-0.756181526206535+0.6543619024855865j),(-0.756181526206535-0.6543619024855865j)
647,-1.9348372619278185,1.324680640792764,59.23655787580733,3.0247030130846073,16274656483914.418,(32549312967828.836+0j),(1.2568241001786649+0.45334475082529435j),(1.2568241001786649-0.45334475082529435j),(-0.25475808614100576+0j),(-0.8201433547047745+0.5721580880616498j),(-0.8201433547047745-0.5721580880616498j)
648,-1.9353626370917163,1.3254626383735753,59.27637997233089,3.024381712129148,16642496821365.729,(33284993642731.453+0j),(0.8587400690570672+3.9515621187176064j),(0.8587400690570672-3.9515621187176064j),(0.013880488053687096+0j),(-0.8749125199452117+0.48428099533620944j),(-0.8749125199452117-0.48428099533620944j)
649,-1.9358897802552744,1.3262466681864946,59.31620105565871,3.0240603999622255,17014330641966.102,(34028661283932.203+0j),(1.00731650540789+5.940645211289701j),(1.00731650540789-5.940645211289701j),(0.030161328600218477+0j),(-0.9201714301255788+0.3915156946807903j),(-0.9201714301255788-0.3915156946807903j)
650,-1.936418637783478,1.327032657509379,59.35602115721542,3.023739088106516,17390098191026.414,(34780196382052.83+0j),(5.929820826895014+0j),(-3.845221948983497+0j),(0.052020014006981155+0j),(-0.9556071440152814+0.2946438295767816j),(-0.9556071440152814-0.2946438295767816j)
651,-1.936949156767748,1.3278205346753045,59.39584030822169,3.0234177878713115,17769730938737.65,(35539461877475.3+0j),(5.654897565580336+0j),(-3.4736214232961506+0j),(0.06983943490197764+0j),(-0.9809114207172184+0.19445509689185564j),(-0.9809114207172184-0.19445509689185564j)
652,-1.937481285028519,1.3286102290749753,59.435658539678,3.023096510351925,18153164961733.72,(36306329923467.44+0j),(1.1728576172663594+3.7504230772054346j),(1.1728576172663594-3.7504230772054346j),(0.1567178726410368+0j),(-0.9957815007066877+0.09175621423654134j),(-0.9957815007066877-0.09175621423654134j)
653,-1.9380149711174213,1.3294016711585612,59.47547588234912,3.0227752664292584,18540327322982.773,(37080654645965.55+0j),(1.1131411955706172+4.528047372835627j),(1.1131411955706172-4.528047372835627j),(0.058609473053520086+0j),(-0.9999203807231101+0.012618724789053756j),(-0.9999203807231101-0.012618724789053756j)
654,-1.9385501643191967,1.3301947924372075,59.51529236674925,3.022454066769301,18931147722165.14,(37862295444330.28+0j),(3.3800488959095296+0j),(-1.6580677445862215+0j),(0.3093939111615314+0j),(-0.9930374429814594+0.1177991376775725j),(-0.9930374429814594-0.1177991376775725j)
655,-1.939086814653276,1.3309895254840556,59.55510802312775,3.022132921822763,19325549924588.28,(38651099849176.56+0j),(1.011854431123509+5.2053029829455735j),(1.011854431123509-5.2053029829455735j),(-0.11003869328266576+0j),(-0.9748489137915484+0.22286676575928488j),(-0.9748489137915484-0.22286676575928488j)
656,-1.9396248728750367,1.3317858039348558,59.59492288145552,3.021811841824687,19723458532753.8,(39446917065507.59+0j),(0.9602295743854125+6.252922204186444j),(0.9602295743854125-6.252922204186444j),(-0.06847486368928424+0j),(-0.9450783525540284+0.3268438580337009j),(-0.9450783525540284-0.3268438580337009j)
657,-1.9401642904767744,1.3325835624881657,59.63473697141203,3.0214908367941753,20124797214736.703,(40249594429473.41+0j),(1.019309650173466+5.1679092783301055j),(1.019309650173466-5.1679092783301055j),(0.04009395608256334+0j),(-0.9034571167794561+0.42867847874733445j),(-0.9034571167794561-0.42867847874733445j)
658,-1.9407050196883429,1.3333827369051183,59.674550322372944,3.0211699165341273,20529483116352.094,(41058966232704.19+0j),(5.051051453212104+0j),(-3.1745182816478+0j),(-0.026393700854627403+0j),(-0.8497249988115463+0.5272261624725366j),(-0.8497249988115463-0.5272261624725366j)
659,-1.941247013477554,1.3341832640088638,59.71436296339834,3.0208490906310086,20937435089510.867,(41874870179021.734+0j),(0.9933837678547537+4.113192903033925j),(0.9933837678547537-4.113192903033925j),(-0.05896946856012305+0j),(-0.7836305788352846+0.6212271049421993j),(-0.7836305788352846-0.6212271049421993j)
660,-1.941790225550275,1.3349850816835975,59.7541749232216,3.020528368454693,21348569969441.312,(42697139938882.625+0j),(0.9167201891434692+2.4106998456064805j),(0.9167201891434692-2.4106998456064805j),(0.23912694956596225+0j),(-0.7049317849747982+0.7092751077916557j),(-0.7049317849747982-0.7092751077916557j)
661,-1.942334610350232,1.335788128873204,59.79398623023875,3.0202077591583234,21762800536073.77,(43525601072147.53+0j),(0.8920614638205004+4.097065029617489j),(0.8920614638205004-4.097065029617489j),(-0.14188728736633638+0j),(-0.6133964912784451+0.7897751227329785j),(-0.6133964912784451-0.7897751227329785j)
662,-1.9428801230585728,1.3365923455795612,59.83379691249852,3.019887271678254,22180040971205.03,(44360081942410.06+0j),(0.4738607437095659+4.240392585358729j),(0.4738607437095659-4.240392585358729j),(0.4964118637377833+0j),(-0.5088028297078655+0.8608830817724262j),(-0.5088028297078655-0.8608830817724262j)
663,-1.943426719593196,1.3373976728605574,59.87360699769288,3.019566914733959,22600201413972.8,(45200402827945.59+0j),(1.0297545432567294+4.877202254920892j),(1.0297545432567294-4.877202254920892j),(-0.09685769565515304+0j),(-0.3909398994235485+0.9204162075057678j),(-0.3909398994235485-0.9204162075057678j)
664,-1.9439743566077965,1.338204052827705,59.91341651314811,3.019246696828061,23023194728550.875,(46046389457101.75+0j),(4.25624171130498+0j),(-2.5105870460778315+0j),(0.10006093209508708+0j),(-0.2596079675235865+0.9657140897796099j),(-0.2596079675235865-0.9657140897796099j)
665,-1.944522991490636,1.3390114286433987,59.9532254858166,3.0189266262463708,23448924550304.12,(46897849100608.234+0j),(7.358068041843577+0j),(-5.792823020233515+0j),(0.17067494911745895+0j),(-0.11461955664625434+0.9934094610153921j),(-0.11461955664625434-0.9934094610153921j)
666,-1.9450725823631911,1.339819744518022,59.993033942268895,3.0186067110579202,23877299756824.883,(47754599513649.766+0j),(1.1549253431647544+3.058000372365763j),(1.1549253431647544-3.058000372365763j),(0.01649533013041271+0j),(0.04420077017838997+0.9990226683695689j),(0.04420077017838997-0.9990226683695689j)
667,-1.9456230880784595,1.340628945706577,60.032841908686464,3.01828695911511,24308219648353.03,(48616439296706.06+0j),(0.8721350364897288+2.5293743819939767j),(0.8721350364897288-2.5293743819939767j),(0.06753503669418995+0j),(0.21701511616017882+0.9761682433672351j),(0.21701511616017882-0.9761682433672351j)
668,-1.946174468219128,1.3414389785051637,60.07264941085492,3.0179673780538074,24741598753612.21,(49483197507224.42+0j),(6.591439743791162+0j),(-4.773437889072714+0j),(0.011294356403185699+0j),(0.403973225626312+0.9147708089886222j),(0.403973225626312-0.9147708089886222j)
669,-1.946726683095472,1.342249790247067,60.1124564741577,3.017647975293574,25177326527040.71,(50354653054081.42+0j),(0.966363795404861+3.7771927524723075j),(0.966363795404861-3.7771927524723075j),(-0.10057879968084654+0j),(0.605209550315981+0.7960662034070751j),(0.605209550315981-0.7960662034070751j)
670,-1.9472796937431245,1.3430613292987212,60.152263123570336,3.0173287580378014,25615321429373.28,(51230642858746.56+0j),(1.2099358653241556+3.7196103258407116j),(1.2099358653241556-3.7196103258407116j),(-0.33693610064713114+0j),(0.820846184132545+0.5711493167251118j),(0.820846184132545-0.5711493167251118j)
671,-1.9478334619205795,1.3438735450552708,60.19206938365498,3.017009733274029,26055469835727.902,(52110939671455.81+0j),(5.713599767946975+0j),(-3.7464443670737806+0j),(-0.2507015224199467+0j),(1.3743715644296435+0j),(0.7276052749357053+0j)
672,-1.9483879501065613,1.3446863879360154,60.23187527855568,3.016690907774133,26497675921073.09,(52995351842146.17+0j),(1.1264359627734624+5.111302013994033j),(1.1264359627734624-5.111302013994033j),(-0.008140914965888002+0j),(2.1196875102504116+0j),(0.4717676521491556+0j)
673,-1.9489431214971704,1.345499809379516,60.27168083199384,3.0163722880946766,26941839031417.625,(53883678062835.25+0j),(1.4066322342668842+10.376775225609796j),(1.4066322342668842-10.376775225609796j),(0.13144028083484532+0j),(2.74612924182786+0j),(0.36414892087711836+0j)
674,-1.9494989400029088,1.346313761838575,60.31148606726419,3.0160538805772075,27387852772111.93,(54775705544223.86+0j),(1.4217741885993957+7.698745986270179j),(1.4217741885993957-7.698745986270179j),(-0.21091249414514787+0j),(3.361036471341044+0j),(0.2975272683076894+0j)
675,-1.9500553702455043,1.347128198774954,60.35129100723136,3.015735691348591,27835620804746.03,(55671241609492.06+0j),(0.9629627671513884+3.3217196858226825j),(0.9629627671513884-3.3217196858226825j),(0.37017544754922+0j),(3.985488105534247+0j),(0.2509102959339038+0j)
676,-1.9506123775545845,1.347943074653883,60.39109567432647,3.0154177263214086,28285033201375.656,(56570066402751.31+0j),(0.8424398507188796+5.522285353849297j),(0.8424398507188796-5.522285353849297j),(0.17280547118704334+0j),(4.627744861941538+0j),(0.2160879715354659+0j)
677,-1.9511699279642365,1.3487583449384477,60.430900090544526,3.015099991194319,28735992598139.89,(57471985196279.78+0j),(4.339074523879887+0j),(-3.108246007437071+0j),(-0.15005256504026293+0j),(5.291917730132705+0j),(0.18896741238178894+0j)
678,-1.9517279882093583,1.3495739660836914,60.47070427744194,3.0147824914524985,29188385652118.508,(58376771304237.016+0j),(0.9881384112195404+5.901045968252723j),(0.9881384112195404-5.901045968252723j),(0.3072633775583031+0j),(5.980320439475578+0j),(0.16721512001260985+0j)
679,-1.952286525721949,1.35038989553066,60.51050825613444,3.0144652323680425,29642118710386.984,(59284237420773.97+0j),(0.7002411304530451+3.014359046683775j),(0.7002411304530451-3.014359046683775j),(0.47507862924447725+0j),(6.694351792452911+0j),(0.14937966079525813+0j)
680,-1.9528455086272232,1.3512060917002071,60.55031204729546,3.014148219000446,30097072700038.15,(60194145400076.3+0j),(0.9964038646245544+3.4076487105606637j),(0.9964038646245544-3.4076487105606637j),(0.012193576553772532+0j),(7.4348780304460735+0j),(0.13450119772045357+0j)
681,-1.9534049057396263,1.3520225139866997,60.59011567115476,3.013831456197032,30553146118871.0,(61106292237742+0j),(1.5731814908855237+3.6649464083498877j),(1.5731814908855237-3.6649464083498877j),(-0.9255831841208291+0j),(8.202435717972218+0j),(0.12191500602797813+0j)
682,-1.953964686558716,1.352839122751534,60.62991914749737,3.0135149485934623,31010242276032.453,(62020484552064.91+0j),(8.378074144925069+0j),(-5.925060945195806+0j),(-0.18300468183267526+0j),(8.997336535909756+0j),(0.11114400311798943+0j)
683,-1.954524821264988,1.353655879316607,60.66972249566292,3.013198700614203,31468244023106.21,(62936488046212.42+0j),(1.1737264662576923+5.194821755604515j),(1.1737264662576923-5.194821755604515j),(0.4012507662035469+0j),(9.819725242773888+0j),(0.10183584319089255+0j)
684,-1.9550852807155337,1.3544727459575645,60.70952573454524,3.012882716473054,31927048129691.938,(63854096259383.875+0j),(1.3409232097583568+9.253771557124058j),(1.3409232097583568-9.253771557124058j),(-0.16792008277182593+0j),(10.669623855308691+0j),(0.09372401628789413+0j)
685,-1.955646036439637,1.3552896858969907,60.74932888259224,3.012567000173645,32386549972655.71,(64773099945311.42+0j),(0.763311416275362+1.3034664745566962j),(0.763311416275362-1.3034664745566962j),(0.6599645448246846+0j),(11.546953450334858+0j),(0.08660292988118656+0j)
686,-1.9562070606343047,1.356106663297515,60.789131957806106,3.0122515555099634,32846645886971.47,(65693291773942.94+0j),(0.611977779176262+1.9837718041021708j),(0.611977779176262-1.9837718041021708j),(0.09768348120698257+0j),(12.451550710692365+0j),(0.08031128196281065+0j)
687,-1.9567683261597075,1.3569236432548188,60.828934977743664,3.0119363860668797,33307217577682.81,(66614435155365.625+0j),(4.682315268113563+0j),(-2.7610117080551664+0j),(-0.5972166226275067+0j),(13.383176155881067+0j),(0.07472067828691904+0j)
688,-1.9573298065344944,1.357740591790486,60.86873795951716,3.011621495220684,33768173270627.43,(67536346541254.86+0j),(1.4870149969344681+2.75952725829071j),(1.4870149969344681-2.75952725829071j),(-0.7944350834376382+0j),(14.341528977094118+0j),(0.06972757239467377+0j)
689,-1.9578914759311283,1.3585574758448984,60.90854091979512,3.011306886139611,34229405748800.54,(68458811497601.08+0j),(-6.354838029267128+0j),(8.672292395091105+0j),(-0.05831336396559368+0j),(15.326245106071179+0j),(0.0652475536623484+0j)
690,-1.9584533091710807,1.359374263269948,60.94834387480356,3.010992561784409,34690812816570.914,(69381625633141.83+0j),(4.4512043197341455+0j),(-2.473461092066109+0j),(0.43811518140812555+0j),(16.336904723836074+0j),(0.06121110558608822+0j)
691,-1.9590152817200244,1.360190922821777,60.988146840327374,3.010678524908856,35152280449995.883,(70304560899991.766+0j),(7.7622387804858946+0j),(-5.141217276390616+0j),(-0.17576673336249318+0j),(17.373032239169756+0j),(0.05756047569786837+0j)
692,-1.9595773696829504,1.3610074241534271,61.02794983171192,3.0103647780602945,35613714378404.625,(71227428756809.25+0j),(0.930401163843511+7.5867176366811755j),(0.930401163843511-7.5867176366811755j),(-0.85492946667274+0j),(18.43410396476597+0j),(0.05424728003660904+0j)
693,-1.960139549799238,1.3618237378074338,61.06775286386478,3.01005132358019,36074997007725.69,(72149994015451.38+0j),(6.6959247192572775+0j),(-5.756998672262199+0j),(0.015441503514792041+0j),(19.519542366951388+0j),(0.051230709265700614+0j)
694,-1.9607017994377072,1.3626398352084292,61.10755595125782,3.0097381636046316,36536047884441.84,(73072095768883.69+0j),(-7.814357947475187+0j),(8.985650875601515+0j),(0.0956341134236313+0j),(20.628727777010454+0j),(0.04847608688284669+0j)
695,-1.961264096591624,1.3634556886556817,61.14735910792928,3.0094253000648887,36996759922157.69,(73993519844315.38+0j),(3.865646805726729+0j),(-2.9572092067080256+0j),(-0.5592488000473506+0j),(21.76098854543261+0j),(0.04595379469609932+0j)
696,-1.96182641987368,1.3642712713156262,61.18716234748614,3.009112734687918,37457005485222.86,(74914010970445.72+0j),(-9.634715409346608+0j),(11.79809747925039+0j),(-0.4624719064365082+0j),(22.915603188117853+0j),(0.0436383887341468+0j)
697,-1.9623887485109253,1.3650865572143616,61.22696568310657,3.008800468996853,37916722627239.16,(75833445254478.31+0j),(1.1523419143114353+6.0093442493366105j),(1.1523419143114353-6.0093442493366105j),(0.4780266667579227+0j),(24.091815501827124+0j),(0.041507872245036485+0j)
698,-1.96295106233976,1.3659015212302128,61.2667691275426,3.008488504311536,38375797450775.8,(76751594901551.6+0j),(-0.02872711230741501+5.466747658486898j),(-0.02872711230741501-5.466747658486898j),(1.3057412228863672+0j),(25.288815686823256+0j),(0.03954317245949487+0j)
699,-1.96351334180082,1.3667161390862046,61.30657269312286,3.0081768417489725,38834131914874.375,(77668263829748.75+0j),(9.462344746123108+0j),(-8.278523129212559+0j),(-1.0047426282936434+0j),(26.505752364580005+0j),(0.03772765949993257+0j)
700,-1.964075567933905,1.3675303873425846,61.34637639175548,3.00786548222382,39291638889993.95,(78583277779987.9+0j),(8.171952967413283+0j),(-6.6641758233877155+0j),(-0.00819032682845336+0j),(27.74173231460405+0j),(0.03604677561806152+0j)
701,-1.96463772237292,1.3683442433893862,61.38618023493109,3.0075544264488507,39748213769687.14,(79496427539374.28+0j),(-3.098658649986149+0j),(4.22150940762891+0j),(2.0151002912547304+0j),(28.995816672164914+0j),(0.034487733568854186+0j)
702,-1.9651997873407767,1.3691576854389726,61.42598423372594,3.0072436749353706,40203767620817.94,(80407535241635.88+0j),(1.2865883390759307+4.470772298432433j),(1.2865883390759307-4.470772298432433j),(0.2087999834362273+0j),(30.2670268504729+0j),(0.03303925439854845+0j)
703,-1.965761745644329,1.3699706925186248,61.4657883988052,3.0069332279936445,40658204222173.7,(81316408444347.4+0j),(0.8747028741200006+5.223131291594901j),(0.8747028741200006-5.223131291594901j),(-0.4861503366696834+0j),(31.554341675060762+0j),(0.03169135994971658+0j)
704,-1.966323580669313,1.370783244463164,61.5055927404261,3.0066230857333025,41111437500406.56,(82222875000813.12+0j),(-8.71905337259119+0j),(11.058703955909323+0j),(0.010541289493147588+0j),(32.85670076703729+0j),(0.030435192111679877+0j)
705,-1.9668852763753044,1.371595321907613,61.54539726844152,3.006313248063721,41563379893448.84,(83126759786897.69+0j),(-3.8477916527943634+0j),(4.352879507012359+0j),(0.8007379818024651+0j),(34.17300355905562+0j),(0.029262865298697815+0j)
706,-1.967446817290721,1.3724069062799429,61.58520199230328,3.0060037146943457,42013948165084.63,(84027896330169.25+0j),(6.186158112196918+0j),(-4.208145069649934+0j),(-0.820260788340438+0j),(35.502110969444+0j),(0.028167339143897522+0j)
707,-1.9680081885077712,1.3732179797937505,61.62500692106581,3.005694485135077,42463048881817.55,(84926097763635.1+0j),(1.3655386774209926+9.754612372035197j),(1.3655386774209926-9.754612372035197j),(0.5299964423258479+0j),(36.84284431776519+0j),(0.027142312666617017+0j)
708,-1.9685693756775584,1.3740285254411906,61.66481206338965,3.0053855586964966,42910591243152.59,(85821182486305.19+0j),(-1.7367645492145343+0j),(2.762853326606475+0j),(0.6445172101195242+0j),(38.193988142631156+0j),(0.026182130974819605+0j)
709,-1.969130365005081,1.3748385269857617,61.7046174275452,3.005076934490192,43356525133203.05,(86713050266406.1+0j),(1.1830513218279133+6.300751660300026j),(1.1830513218279133-6.300751660300026j),(0.235684992205112+0j),(39.55429589320617+0j),(0.02528170398232034+0j)
710,-1.969691143244385,1.3756479689553212,61.74442302141625,3.0047686114289966,43800726674348.5,(87601453348697+0j),(-0.4195399072044631+2.4628272647874945j),(-0.4195399072044631-2.4628272647874945j),(2.6106252122385274+0j),(40.922476516197364+0j),(0.024436448747305977+0j)
711,-1.9702516976936808,1.3764568366350916,61.78422885250387,3.0044605882271602,44243151174473.0,(88486302348946+0j),(0.712743499783016+7.534452933210682j),(0.712743499783016-7.534452933210682j),(0.5185531092004847+0j),(42.29721476663011+0j),(0.02364221865477299+0j)
712,-1.9708120161905505,1.377265116060782,61.82403492793002,3.004152863400556,44683706313123.84,(89367412626247.69+0j),(-5.87861275931018+0j),(6.058003868688246+0j),(0.418109639453362+0j),(43.67715671880078+0j),(0.022895263225105225+0j)
713,-1.9713720871071687,1.3780727940117603,61.863841254441446,3.003845435266812,45122348839145.0,(90244697678290+0j),(0.8412717632769002+12.46659834148568j),(0.8412717632769002-12.46659834148568j),(-0.5033111830018069+0j),(45.06092231328235+0j),(0.022192177804258428+0j)
714,-1.971931899345624,1.3788798580043722,61.90364783841335,3.003538301945424,45558944394844.266,(91117888789688.53+0j),(0.9162677499401995+4.5605282709136885j),(0.9162677499401995-4.5605282709136885j),(46.447091532499606+0j),(0.01768659107217718+0j),(0.021529873389395708+0j)
715,-1.972491442333238,1.3796862962853045,61.94345468585328,3.0032314613577666,45993497339899.08,(91986994679798.16+0j),(2.035227503281756+3.3684580244165847j),(2.035227503281756-3.3684580244165847j),(-2.215981670530677+0j),(47.83422988196382+0j),(0.020905531508875176+0j)
716,-1.973050706017986,1.3804920978250517,61.98326180240485,3.0029249112272005,46425878879443.27,(92851757758886.53+0j),(8.960505467996462+0j),(-6.719557288658775+0j),(0.11332593990975487+0j),(49.22086204118676+0j),(0.02031658850597552+0j)
717,-1.973609680863961,1.3812972523115177,62.02306919335166,3.0026186490789737,46856060790912.08,(93712121581824.16+0j),(-3.0044424490801522+0j),(1.7271912914137333+1.5502607304605174j),(1.7271912914137333-1.5502607304605174j),(50.60549654052712+0j),(0.01976069929872627+0j)
718,-1.9741683578469336,1.3821017501437298,62.06287686362093,3.0023126722401923,47283974014847.72,(94567948029695.44+0j),(7.4432567202902185+0j),(-6.159811001059513+0j),(-0.2814366589705104+0j),(51.98661362972725+0j),(0.01923572108626616+0j)
719,-1.9747267284499417,1.382905582425624,62.10268481778736,3.0020069778397094,47709543927413.2,(95419087854826.4+0j),(1.0989654837832872+8.532874645622837j),(1.0989654837832872-8.532874645622837j),(0.09854841284499793+0j),(53.36267066688572+0j),(0.018739691763981683+0j)
720,-1.975284784658968,1.3837087409599749,62.14249306007688,3.0017015628079484,48132727208688.39,(96265454417376.78+0j),(7.024325859002976+0j),(-3.6018197349191348+0j),(-0.1654737795354625+0j),(54.73210651728455+0j),(0.018270811478541003+0j)
721,-1.9758425189587,1.384511218242445,62.18230159437032,3.0013964238767077,48553471843732.66,(97106943687465.31+0j),(8.334518654478247+0j),(-6.900503038481188+0j),(-0.7162792263835784+0j),(56.093340066607496+0j),(0.017827428333089174+0j)
722,-1.9763999243283927,1.3853130074558009,62.22211042420715,3.0010915575788895,48971706778067.125,(97943413556134.25+0j),(1.2316793709657938+7.119908752158489j),(1.2316793709657938-7.119908752158489j),(0.16970146786345452+0j),(57.4447718261607+0j),(0.017408024581022814+0j)
723,-1.9769569942377512,1.386114102464172,62.26191955278915,3.000786960248198,49387391381759.83,(98774782763519.66+0j),(1.3815930524863593+10.997333747113958j),(1.3815930524863593-10.997333747113958j),(-0.25771088982481594+0j),(58.78478887215172+0j),(0.01701120339438646+0j)
724,-1.9775137226429769,1.3869144978075627,62.30172898298394,3.0004826280187293,49800492007983.52,(99600984015967.03+0j),(-0.4436477887751413+4.045938263806552j),(-0.4436477887751413-4.045938263806552j),(3.070108412492305+0j),(60.11176496695291+0j),(0.016635678565587366+0j)
725,-1.9780701039828208,1.3877141886963678,62.3415387173286,3.000178556824603,50210950594305.88,(100421901188611.75+0j),(6.357265912890142+0j),(-4.130991002565324+0j),(0.9488226926364122+0j),(61.42406133355952+0j),(0.016280265066984642+0j)
726,-1.9786261331748165,1.3885131710061802,62.381348758033184,2.999874742399417,50618711912267.2,(101237423824534.4+0j),(8.338020767751892+0j),(-6.939361955240848+0j),(0.11973519288959517+0j),(62.72003038589837+0j),(0.01594386982671195+0j)
727,-1.9791818056115176,1.3893114412726113,62.42115910698414,2.999571180275728,51023752150409.984,(102047504300819.97+0j),(0.9929176605238429+4.526396864092764j),(0.9929176605238429-4.526396864092764j),(-0.6968423952987685+0j),(63.99801848770417+0j),(0.015625483782647897+0j)
728,-1.979737117156927,1.3901089966863889,62.46096976574774,2.99926786578442,51426030727796.81,(102852061455593.62+0j),(-12.805642099572367+0j),(12.532461039587613+0j),(-0.228851502893765+0j),(65.25636647065285+0j),(0.015324175311698659+0j)
729,-1.98029206414294,1.3909058350885026,62.50078073557338,2.9989647940540305,51825503975432.92,(103651007950865.84+0j),(1.218783538222727+10.458250026771134j),(1.218783538222727-10.458250026771134j),(0.9045864227777607+0j),(66.49341264359447+0j),(0.015039083726397083+0j)
730,-1.9808466433659475,1.39170195496558,62.54059201739685,2.998661960009997,52222161758568.72,(104444323517137.44+0j),(2.083017308863472+4.696407535865372j),(2.083017308863472-4.696407535865372j),(-0.5706228983303554+0j),(67.70749531975306+0j),(0.014769413567565915+0j)
731,-1.981400852083541,1.3924973554454243,62.58040361184349,2.9983593583738415,52615961951604.5,(105231923903209+0j),(9.626066387930532+0j),(-6.569319669507499+0j),(-0.721521985148062+0j),(68.89695449788852+0j),(0.014514429662213271+0j)
732,-1.9819546880112893,1.3932920362926708,62.62021551923134,2.9980569836622717,53006898359671.5,(106013796719343+0j),(0.40259184238251744+3.4125703836419805j),(0.40259184238251744-3.4125703836419805j),(-0.17582469844496057+0j),(70.0601345560423+0j),(0.014273452461043985+0j)
733,-1.9825081493196628,1.3940859979046598,62.6600277395741,2.99775483018623,53394895885220.14,(106789791770440.28+0j),(6.32754296462404+0j),(-4.2684000243895674+0j),(0.42349390011282506+0j),(71.19538769014636+0j),(0.014045853705479103+0j)
734,-1.9830612346310843,1.3948792413075144,62.699840272584126,2.997452892049809,53779991627981.5,(107559983255963+0j),(2.5966295515895856+0j),(-0.6949976214482428+0j),(0.29615043299909777+0j),(72.30107387657732+0j),(0.013831053211017916+0j)
735,-1.9836139430170563,1.3956717681523274,62.73965311767519,2.9971511631491614,54162153239934.0,(108324306479868+0j),(1.0133386681697494+4.551402510426313j),(1.0133386681697494-4.551402510426313j),(-1.0280718609558896+0j),(73.37556585957557+0j),(0.013628515000690304+0j)
736,-1.984166273995444,1.3964635807115855,62.7794662739653,2.9968496371712874,54541352250279.94,(109082704500559.88+0j),(1.7887699974993483+5.131811065616539j),(1.7887699974993483-5.131811065616539j),(-0.5345182080870918+0j),(74.41725119595556+0j),(0.013437744393000786+0j)
737,-1.984718227527847,1.397254681875748,62.81927974027933,2.9965483075927253,54917592833731.234,(109835185667462.47+0j),(1.0346073692968645+4.783027844404071j),(1.0346073692968645-4.783027844404071j),(-2.8325706476249333+0j),(75.42453334233528+0j),(0.01325828554301332+0j)
738,-1.985269804017173,1.3980450751501057,62.85909351515152,2.996247167678173,55290853528934.25,(110581707057868.5+0j),(1.288619062921931+8.010879636107315j),(1.288619062921931-8.010879636107315j),(-0.6001776774266109+0j),(76.39583654676728+0j),(0.013089718565862348+0j)
739,-1.985821004305231,1.39883476465169,62.898907596827925,2.995946210479039,55661139186088.81,(111322278372177.62+0j),(1.4179710031016985+9.138975393583298j),(1.4179710031016985-9.138975393583298j),(-0.8031486667612212+0j),(77.32960613135056+0j),(0.01293165774440286+0j)
740,-1.9863718296705373,1.3996237551065092,62.938721983268834,2.995645428831848,56028459134597.625,(112056918269195.25+0j),(8.186357108291247+0j),(-5.455606281948545+0j),(-1.4390162322314712+0j),(78.22431186543969+0j),(0.012783749401599393+0j)
741,-1.98692228182628,1.400412051846997,62.97853667215084,2.9953448153565967,56392778002314.56,(112785556004629.12+0j),(7.621003229853827+0j),(-6.424220985884759+0j),(-0.3442511853029697+0j),(79.07845458940398+0j),(0.012645669483480228+0j)
742,-1.987472362918301,1.4011996608095358,63.01835166086902,2.995044362454979,56754135608308.45,(113508271216616.9+0j),(-0.2248426242412945+9.671466728851884j),(-0.2248426242412945-9.671466728851884j),(1.2770945186992024+0j),(79.89056003678616+0j),(0.012517123419091895+0j)
743,-1.9880220755233555,1.4019865885323477,63.05816694653891,2.9947440623085555,57112515997413.17,(114225031994826.34+0j),(-10.54814739165711+0j),(12.400606347506994+0j),(-0.06392392626014089+0j),(80.65919145554562+0j),(0.012397843097069115+0j)
744,-1.988571422647446,1.4027728421535497,63.09798252599829,2.994443906876734,57467962205771.78,(114935924411543.56+0j),(1.3007233840972645+5.644182837188364j),(1.3007233840972645-5.644182837188364j),(-0.8542288267766635+0j),(81.38294255534495+0j),(0.01228758716018695+0j)
745,-1.9891204077243096,1.403558429409396,63.13779839580898,2.9941438878947495,57820446571256.14,(115640893142512.28+0j),(0.6316227211001857+4.544145558699421j),(0.6316227211001857-4.544145558699421j),(-0.3392410669668015+0j),(82.0604526653896+0j),(0.012186137993638855+0j)
746,-1.9896690346140664,1.4043433586328045,63.17761455225834,2.9938439968714285,58170018358511.22,(116340036717022.44+0j),(1.7090131760537717+10.795001954389656j),(1.7090131760537717-10.795001954389656j),(82.69039451678266+0j),(0.05902796252939835+0j),(0.01209330304740856+0j)
747,-1.99021730760204,1.4051276387521114,63.21743099136084,2.993544225086917,58516681116512.3,(117033362233024.6+0j),(9.460979251823932+0j),(-7.991502491505548+0j),(-0.837388625207469+0j),(83.27148981858517+0j),(0.012008912079978085+0j)
748,-1.990765231397696,1.4059112792900308,63.25724770885919,2.993244563590233,58860472042020.63,(117720944084041.25+0j),(1.1944438800030819+5.555351878529953j),(1.1944438800030819-5.555351878529953j),(-0.07247600253689732+0j),(83.80250304677476+0j),(0.01193281779951192+0j)
749,-1.991312811133772,1.4066942903628858,63.29706470022568,2.9929450031967386,59201404539264.86,(118402809078529.72+0j),(-4.632206715450991+0j),(6.993932075332509+0j),(84.28225121768982+0j),(0.0043925058934115345+0j),(0.01186489427553565+0j)
750,-1.9918600523655736,1.4074766826801013,63.33688196066306,2.992645534485454,59539526996535.375,(119079053993070.75+0j),(-12.26696941776897+0j),(12.794942074760918+0j),(-0.22338220105347772+0j),(84.70959867595523+0j),(0.011805037630116666+0j)
751,-1.9924069610704247,1.4082584675439214,63.37669948510551,2.9923461477962663,59874844883800.375,(119749689767600.75+0j),(6.97221007840371+0j),(-4.782776412947628+0j),(-0.15020342898045122+0j),(85.08347095064467+0j),(0.011753164143708385+0j)
752,-1.9929535436472896,1.4090396568494012,63.416517268219216,2.992046833226981,60207411783619.61,(120414823567239.22+0j),(1.0492955095733185+11.40792019760022j),(1.0492955095733185-11.40792019760022j),(-0.4677988481052156+0j),(85.40284392031225+0j),(0.011709211943040494+0j)
753,-1.9934998069165903,1.409820263084682,63.45633530440305,2.991747580630239,60537266156673.78,(121074532313347.56+0j),(7.067122146806293+0j),(-3.3496128648619763+0j),(-1.1881859441016327+0j),(85.66675574948022+0j),(0.011673139612361456+0j)
754,-1.994045758120188,1.410600299331514,63.49615358778883,2.9914483796103104,60864452024302.75,(121728904048605.5+0j),(0.7448160820910129+6.9281345494576225j),(0.7448160820910129-6.9281345494576225j),(-0.16593313689808944+0j),(85.87430637617187+0j),(0.011644926663161616+0j)
755,-2.0628962790432634,1.483981817479581,47.583574015736914,3.024709757929085,17834174076.242058,(35668348152.484116+0j),(1.0000992039003544+0.01757004303687194j),(1.0000992039003544-0.01757004303687194j),(-0.0004697150838596416+0j),(0.12661784814071747+0.9919515716670434j),(0.12661784814071747-0.9919515716670434j)
756,-2.063714744892114,1.4851421021829432,47.5643974245648,3.024255734780386,17857084881.885437,(35714169763.770874+0j),(1.0006355796416928+0.13159695047135872j),(1.0006355796416928-0.13159695047135872j),(-0.0006314057300107217+0j),(0.02681099448166302+0.999640520674997j),(0.02681099448166302-0.999640520674997j)
757,-2.0645362806518768,1.4863073364533623,47.54522773678832,3.023797181423232,17878389536.368134,(35756779072.73627+0j),(1.0003004852846502+0.06477831492891836j),(1.0003004852846502-0.06477831492891836j),(-0.00047786429084689495+0j),(-0.0703827954876195+0.9975200559887726j),(-0.0703827954876195-0.9975200559887726j)
758,-2.065360913889459,1.4874775678303354,47.52606504864794,3.023334040939068,17898097013.78939,(35796194027.57878+0j),(1.0601160913988026+0j),(0.9404794351173991+0j),(0.0001805832222684699+0j),(-0.16468646523365704+0.9863459677868701j),(-0.16468646523365704-0.9863459677868701j)
759,-2.0661886727447545,1.4886528448428644,47.506909458666414,3.0228662552534202,17916217055.047447,(35832434110.094894+0j),(1.135656184367931+0j),(0.8640496499161914+0j),(0.0008800914036299795+0j),(-0.25581020251907494+0.9667270247012585j),(-0.25581020251907494-0.9667270247012585j)
760,-2.0670195859388647,1.4898332170260928,47.48776106770616,3.022393765107771,17932757438.688705,(35865514877.37741+0j),(1.0592088766663166+0j),(0.941926673059094+0j),(1.792704204297498e-05+0j),(-0.34345096359094884+0.9391706104904965j),(-0.34345096359094884-0.9391706104904965j)
761,-2.06785368279956,1.4910187349627624,47.46861997906468,3.021916510020349,17947730777.084465,(35895461554.16893+0j),(1.0001644619566472+0.07610232456554335j),(1.0001644619566472-0.07610232456554335j),(-0.0002893175839268655+0j),(-0.42729165597978624+0.9041138427933902j),(-0.42729165597978624-0.9041138427933902j)
762,-2.068690993273748,1.4922094503061911,47.44948629854441,3.021434428254016,17961147300.545258,(35922294601.090515+0j),(1.0001249024221441+0.03960767189092279j),(1.0001249024221441-0.03960767189092279j),(-6.784848488568594e-05+0j),(-0.5070007536970434+0.8619456106688542j),(-0.5070007536970434-0.8619456106688542j)
763,-2.069531547943868,1.493405415809197,47.43036013453291,3.0209474567805072,17973018177.28936,(35946036354.57872+0j),(1.0009131182160949+0.12300763519872931j),(1.0009131182160949-0.12300763519872931j),(-0.0009580577708637448+0j),(-0.5822315273361822+0.8130230307785273j),(-0.5822315273361822-0.8130230307785273j)
764,-2.0703753780460805,1.4946066853557174,47.41124159808884,3.020455531242843,17983355454.709503,(35966710909.41901+0j),(1.0008315430593533+0.03286639124644644j),(1.0008315430593533-0.03286639124644644j),(-0.0005499581398290806+0j),(-0.6526213565308987+0.7576842119248639j),(-0.6526213565308987-0.7576842119248639j)
765,-2.071222515491125,1.4958133139964556,47.39213080303576,3.0199585859151505,17992171677.93361,(35984343355.86722+0j),(1.058789978854866+0j),(0.9413948533361071+0j),(0.0001262324515063191+0j),(-0.7177910124475633+0.6962586175050368j),(-0.7177910124475633-0.6962586175050368j)
766,-2.0720729928800745,1.4970253579774753,47.37302786604735,3.0194565536644116,17999479714.67057,(35998959429.34114+0j),(1.027859070513285+0j),(0.974143648815287+0j),(-0.0006529373669671488+0j),(-0.777343892025415+0.6290758885312332j),(-0.777343892025415-0.6290758885312332j)
767,-2.072926843524876,1.4982428747758667,47.35393290674516,3.0189493659082762,18005292911.207138,(36010585822.414276+0j),(1.0000547694887816+0.016140202524074054j),(1.0000547694887816-0.016140202524074054j),(-3.6250168230675715e-05+0j),(-0.8308652020931984+0.5564737333883708j),(-0.8308652020931984-0.5564737333883708j)
768,-2.0737841014712166,1.4994659231389709,47.334846047804014,3.018436952570337,18009625680.67546,(36019251361.35092+0j),(0.9998448732119285+0.11165277078286406j),(0.9998448732119285-0.11165277078286406j),(1.0409263151428291e-06+0j),(-0.8779210943035096+0.47880533850145524j),(-0.8779210943035096-0.47880533850145524j)
769,-2.074644801514196,1.5006945631135746,47.31576741504426,3.01791924203856,18012491524.855507,(36024983049.71101+0j),(1.0726327827487832+0j),(0.927806639945583+0j),(0.00015261362927223259+0j),(-0.9180577941080743+0.39644657480926837j),(-0.9180577941080743-0.39644657480926837j)
770,-2.0755089792277683,1.501928856095077,47.29669713755696,3.017396161114061,18013905759.713852,(36027811519.427704+0j),(1.0949756972763862+0j),(0.9048506895490273+0j),(0.0006160356227029408+0j),(-0.9508006015234385+0.30980351215440877j),(-0.9508006015234385-0.30980351215440877j)
771,-2.076376670979131,1.5031688648554111,47.27763534779885,3.016867634967725,18013884319.397392,(36027768638.794785+0j),(0.9999838361385051+0.12567257336486531j),(0.9999838361385051-0.12567257336486531j),(-7.622630831021412e-06+0j),(-0.9756529096474218+0.2193203134622892j),(-0.9756529096474218-0.2193203134622892j)
772,-2.077247913966283,1.5044146536043383,47.25858218174157,3.01633358708146,18012442365.750603,(36024884731.501205+0j),(1.034623999773827+0j),(0.9654300427876297+0j),(0.0003211249395494383+0j),(-0.9920951483221683+0.12548791446291582j),(-0.9920951483221683-0.12548791446291582j)
773,-2.078122746221939,1.5056662880030254,47.239537778949575,3.0157939392083355,18009595726.61075,(36019191453.2215+0j),(1.0646232917259233+0j),(0.9357335575019093+0j),(0.0002456929938508494+0j),(-0.9995836377612786+0.028853961956225957j),(-0.9995836377612786-0.028853961956225957j)
774,-2.0790012066576,1.5069238352353411,47.22050228275054,3.0152486113067165,18005362826.416916,(36010725652.83383+0j),(1.0004256762599224+0.0852295819692935j),(1.0004256762599224-0.0852295819692935j),(-0.0006797957619462815+0j),(-0.9975494045261778+0.06996560247819042j),(-0.9975494045261778-0.06996560247819042j)
775,-2.079883335076936,1.5081873640355097,47.2014758403409,3.0146975214919194,17999760118.19709,(35999520236.39418+0j),(1.000271406191868+0.07829398135983587j),(1.000271406191868-0.07829398135983587j),(-0.0006191956670926255+0j),(-0.9853969306343728+0.17027298404919766j),(-0.9853969306343728-0.17027298404919766j)
776,-2.080769172210936,1.5094569447473971,47.182458602944045,3.0141405859723798,17992805660.27054,(35985611320.54108+0j),(1.0375304080143204+0j),(0.962910603571245+0j),(-2.9191735597260637e-05+0j),(-0.9625028115099737+0.27127170482021196j),(-0.9625028115099737-0.27127170482021196j)
777,-2.081658759743246,1.5107326493700408,47.16345072595029,3.0135777189904407,17984518015.532013,(35969036031.064026+0j),(1.0008024177982506+0.058943124255514394j),(1.0008024177982506-0.058943124255514394j),(-0.0006165513212633822+0j),(-0.9282143484925628+0.37204586176071514j),(-0.9282143484925628-0.37204586176071514j)
778,-2.082552140337738,1.512014551606745,47.144452369066,3.013008832759968,17974914804.072395,(35949829608.14479+0j),(0.999972155382119+0.07659462243336763j),(0.999972155382119-0.07659462243336763j),(-8.60937498282138e-06+0j),(-0.8818480279726171+0.4715337268547373j),(-0.8818480279726171-0.4715337268547373j)
779,-2.083449357673832,1.5133027269258092,47.12546369648504,3.0124338373968715,17964016481.69526,(35928032963.39052+0j),(0.9999054679644761+0.05651819307986435j),(0.9999054679644761-0.05651819307986435j),(0.00013460010374583383+0j),(-0.822687985688506+0.56849316460662j),(-0.822687985688506-0.56849316460662j)
780,-2.0843504564730555,1.5145972526089553,47.10648487704454,3.011852640853651,17951842151.270844,(35903684302.54169+0j),(1.060137098936822+0j),(0.9411343419512797+0j),(-0.00045258190627149743+0j),(-0.7499842652081663+0.6614556689158178j),(-0.7499842652081663-0.6614556689158178j)
781,-2.0852554825334337,1.5158982078115586,47.08751608440363,3.011265148846535,17938412213.65149,(35876824427.30298+0j),(1.000115117467696+0.04804602886754445j),(1.000115117467696-0.04804602886754445j),(-0.00014893237385858494+0j),(-0.6629510724786295+0.7486627247967297j),(-0.6629510724786295-0.7486627247967297j)
782,-2.0861644827670887,1.5172056736278958,47.06855749723504,3.0106712647785243,17923746822.375595,(35847493644.75119+0j),(1.0552736760413408+0j),(0.9443583603969944+0j),(0.0003946569432506526+0j),(-0.5607648437505173+0.8279751143688207j),(-0.5607648437505173-0.8279751143688207j)
783,-2.087077505226433,1.5185197331405365,47.04960929939525,3.010070889667432,17907868010.99418,(35815736021.98836+0j),(1.06759652575041+0j),(0.9326952308674504+0j),(0.0002385062627344054+0j),(-0.44256229873077585+0.8967377608546961j),(-0.44256229873077585-0.8967377608546961j)
784,-2.087994599149029,1.5198404714970173,47.03067168014431,3.009463922059588,17890797416.875153,(35781594833.750305+0j),(0.9999490340470727+0.04154321255253503j),(0.9999490340470727-0.04154321255253503j),(-0.00017488425485783182+0j),(-0.30743823271152326+0.9515680391163803j),(-0.30743823271152326-0.9515680391163803j)
785,-2.088915814998486,1.521167975981405,47.01174483436266,3.008850257943435,17872556340.428635,(35745112680.85727+0j),(1.0579210066683171+0j),(0.9413613608554923+0j),(0.0007656222419115777+0j),(-0.1544432221983119+0.9880016655439678j),(-0.1544432221983119-0.9880016655439678j)
786,-2.089841204488205,1.5225023360617589,46.992828962733455,3.0082297906717654,17853167532.47824,(35706335064.95648+0j),(1.0440725576120158+0j),(0.9567125739723624+0j),(-0.0001795305290811767+0j),(0.017418718016073614+0.9998482826225759j),(0.017418718016073614-0.9998482826225759j)
787,-2.0907708206408286,1.5238436434895637,46.97392427201696,3.00760241085768,17832654902.055367,(35665309804.11073+0j),(1.0005792777428775+0.11818283512049689j),(1.0005792777428775-0.11818283512049689j),(-0.0006799387520657976+0j),(0.20919270503469678+0.9778744357845304j),(0.20919270503469678-0.9778744357845304j)
788,-2.091704717819398,1.5251919923590092,46.95503097526446,3.0069680062864688,17811041508.570007,(35622083017.140015+0j),(1.0005290915398581+0.07834204701886148j),(1.0005290915398581-0.07834204701886148j),(-0.0005899689293400153+0j),(0.42197584412058065+0.9066070741944231j),(0.42197584412058065-0.9066070741944231j)
789,-2.092642951775543,1.526547479191537,46.93614929208085,3.006326461812912,17788351684.35218,(35576703368.70436+0j),(1.0440995972827745+0j),(0.9562756133223084+0j),(9.254534621838923e-05+0j),(0.656920036289117+0.7539602548692713j),(0.656920036289117-0.7539602548692713j)
790,-2.09358557969591,1.5279102030185043,46.9172794488912,3.005677659256635,17764610310.07292,(35529220620.14584+0j),(1.078584407419652+0j),(0.921297423953356+0j),(0.0003119328460297234+0j),(0.9152351278587705+0.4029201667005347j),(0.9152351278587705-0.4029201667005347j)
791,-2.0945326602449943,1.529280265459439,46.89842167920696,3.0050214772963706,17739845739.34099,(35479691478.68198+0j),(0.00011729668948512462+0j),(1.050918974557908+0j),(0.9493829754998322+0j),(1.8582404790576965+0j),(0.5381434810351899+0j)
792,-2.095484253622529,1.530657770821729,46.879576223937015,3.0043577913518105,17714076283.056076,(35428152566.11215+0j),(8.995027665342206e-05+0j),(0.9999135120746456+0.018896446758728754j),(0.9999135120746456-0.018896446758728754j),(2.6347052223094227+0j),(0.3795491015590881+0j)
793,-2.0964404216148984,1.5320428261933026,46.86074333169474,3.0036864734632793,17687332137.218124,(35374664274.43625+0j),(1.0002792680867614+0.03169218489999811j),(1.0002792680867614-0.03169218489999811j),(-0.00012507929692072634+0j),(3.392085994650849+0j),(0.29480384682982946+0j)
794,-2.0974012276365195,1.5334355415207606,46.841923259088944,3.003007392177195,17659640092.89795,(35319280185.7959+0j),(1.0849955634901498+0j),(0.9152275715064189+0j),(0.00019355220317038228+0j),(4.177889621649106+0j),(0.2393552943138694+0j)
795,-2.098366736799467,1.534836029729726,46.82311627109712,3.0023204124063194,17631027771.736816,(35262055543.47363+0j),(1.038141841727546+0j),(0.9620842786670323+0j),(-7.631398148899548e-06+0j),(5.008778336211849+0j),(0.19964948194470858+0j)
796,-2.099337015966995,1.53624440682274,46.80432264141003,3.0016253952971352,17601522863.842987,(35203045727.685974+0j),(1.0889416790328261+0j),(0.9113515312178777+0j),(6.209208373043137e-06+0j),(5.894047391247497+0j),(0.1696627009625937+0j)
797,-2.1003121338087616,1.5376607919805898,46.78554265279266,3.0009221980915552,17571153848.177193,(35142307696.354385+0j),(1.0646389082717482+0j),(0.9355851510238379+0j),(0.00016155171538766427+0j),(6.84034483463525+0j),(0.14619146025172144+0j)
798,-2.101292160870169,1.5390853076851774,46.76677659749432,3.000210673973673,17539950402.54354,(35079900805.08708+0j),(1.0086573013353999+0j),(0.9917927860069649+0j),(-0.00011263858211938786+0j),(7.853197797365938+0j),(0.1273366628223739+0j)
799,-2.1022771696441533,1.5405180798470246,46.74802477767973,2.999490671909643,17507941328.823975,(35015882657.64795+0j),(1.0660957583299449+0j),(0.9343600195979271+0j),(-9.939404048562526e-06+0j),(8.937641665345579+0j),(0.11188633841498144+0j)
800,-2.1032672346152035,1.5419592378936455,46.72928750580242,2.9987620365022147,17475157548.418137,(34950315096.83627+0j),(1.00010838186325+0.08407266383616953j),(1.00010838186325-0.08407266383616953j),(-0.0002146149584542869+0j),(10.098522682973515+0j),(0.0990243851891936+0j)
801,-2.104262432354235,1.5434089149331067,46.710565105126655,2.9980246078024755,17441635153.06604,(34883270306.13208+0j),(1.0001527136163888+0.08208305709630974j),(1.0001527136163888-0.08208305709630974j),(-0.000300730660370666+0j),(11.340662188143796+0j),(0.08817827243333833+0j)
802,-2.1052628415791967,1.544867247868469,46.69185791017616,2.9972782211423987,17407396633.55031,(34814793267.10062+0j),(1.000183475760592+0.013563565359220235j),(1.000183475760592-0.013563565359220235j),(-0.00010938243758270417+0j),(12.668962633628528+0j),(0.07893306097108388+0j)
803,-2.1062685432368826,1.5463343775457097,46.67316626725816,2.9965227069416396,17372479628.752342,(34744959257.504684+0j),(1.0796085482749374+0j),(0.9204499974257211+0j),(0.00013665322434942308+0j),(14.08846484196338+0j),(0.07098005433651078+0j)
804,-2.1072796205757567,1.5478104488886937,46.6544905349811,2.995757890518355,17336916713.846695,(34673833427.69339+0j),(1.0371424724502527+0j),(0.9626036515392694+0j),(0.0001924332941389174+0j),(15.604402862375789+0j),(0.06408447723506079+0j)
805,-2.108296159245624,1.5492956110755938,46.63583108486648,2.9949835918704464,17300743311.143112,(34601486622.286224+0j),(1.0002958996810531+0.09655953364860062j),(1.0002958996810531-0.09655953364860062j),(-0.0002384362281974477+0j),(17.22223974139423+0j),(0.058064457063448226+0j)
806,-2.109318247349126,1.5507900176462135,46.617188301850895,2.994199625487006,17263993159.854477,(34527986319.708954+0j),(0.999679200657023+0.05465338043722311j),(0.999679200657023-0.05465338043722311j),(0.00027954444002173677+0j),(18.947702052272906+0j),(0.05277684846645905+0j)
807,-2.1103459755657816,1.5522938267172317,46.59856258500966,2.9934058000960198,17226702495.634125,(34453404991.26825+0j),(1.0368752093286893+0j),(0.9632778880500112+0j),(0.00015533800307540764+0j),(20.786808251231097+0j),(0.04810743371057958+0j)
808,-2.1113794372256,1.553807201125405,46.5799543481675,2.9926019184426504,17188908212.871056,(34377816425.74211+0j),(1.0000010695485901+0.09532846178235398j),(1.0000010695485901-0.09532846178235398j),(-0.00013990180800676783+0j),(22.745897963810506+0j),(0.043963971068180244+0j)
809,-2.112418728411377,1.5553303086146493,46.56136402061476,2.991787777036667,17150647863.810287,(34301295727.620575+0j),(1.0486009059863768+0j),(0.9514201171317278+0j),(0.00011446732920885542+0j),(24.83166040331894+0j),(0.04027116929590825+0j)
810,-2.113463948058146,1.5568633220210284,46.54279204784464,2.9909631658926,17111960795.21762,(34223921590.43524+0j),(1.0003259443440866+0.012433006299257456j),(1.0003259443440866-0.012433006299257456j),(-0.0003157587469121963+0j),(27.051162728989766+0j),(0.03696698770470826+0j)
811,-2.1145151980549706,1.5584064194631837,46.52423889232729,2.9901278682586265,17072885571.426334,(34145771142.85267+0j),(1.0166419365745472+0j),(0.9829346971998247+0j),(0.00046846262374432177+0j),(29.41188128567761+0j),(0.033999865234315835+0j)
812,-2.1155725833479515,1.5599597845369926,46.50570503432,2.9892816603335723,17033464083.780716,(34066928167.56143+0j),(0.9999814486616059+0.057140968867740706j),(0.9999814486616059-0.057140968867740706j),(-5.661145315092627e-05+0j),(31.921731029505224+0j),(0.03132662195155684+0j)
813,-2.11663621206051,1.561523606537769,46.48719097276162,2.9884243109598154,16993738619.56314,(33987477239.12628+0j),(1.0002832443360985+0.07873103912529038j),(1.0002832443360985-0.07873103912529038j),(-0.00037682434595290033+0j),(34.58910034931407+0j),(0.02891084156285379+0j)
814,-2.1177061956027106,1.563098080669013,46.46869722617334,2.987555581312941,16953752244.510773,(33907504489.021545+0j),(1.0001981300515053+0.06124452074171558j),(1.0001981300515053-0.06124452074171558j),(-0.0002124152179090529+0j),(37.42288652725817+0j),(0.026721615909350172+0j)
815,-2.118782648803982,1.5646834082882763,46.450224333667805,2.9866752245600767,16913549419.433395,(33827098838.86679+0j),(0.9998745128863217+0.06634411803947764j),(0.9998745128863217-0.06634411803947764j),(40.43253361671043+0j),(-7.201113669039271e-05+0j),(0.0247325584263469+0j)
816,-2.1198656900028605,1.566279797092577,46.431772855874605,2.985782985540334,16873176444.143744,(33746352888.28749+0j),(1.0283945961358034+0j),(0.9717135593117429+0j),(6.558347764394828e-05+0j),(43.62807314923013+0j),(0.022921021439110845+0j)
817,-2.1209554412245546,1.567887461436185,46.41334337617144,2.9848786003595382,16832681956.097715,(33665363912.195435+0j),(1.0000426114558338+0.027442678479080003j),(1.0000426114558338-0.027442678479080003j),(-4.6306339360826834e-05+0j),(47.020168161290854+0j),(0.02126746966472516+0j)
818,-2.122052028271993,1.5695066225240215,46.39493650170823,2.983961796041599,16792113604.281187,(33584227208.562378+0j),(1.0896281739622893+0j),(0.9104461912003589+0j),(0.00025857359707188104+0j),(50.6201631423949+0j),(0.019754973866588497+0j)
819,-2.1231555808787617,1.5711375086999495,46.37655286466862,2.983032290112628,16751523031.65512,(33503046063.31024+0j),(1.0001137519814547+0.03835468022252003j),(1.0001137519814547-0.03835468022252003j),(54.44013270016341+0j),(-0.00013015334681274225+0j),(0.018368801661594093+0j)
820,-2.1242662328559554,1.5727803557294342,46.35819312357098,2.9820897901742605,16710962697.346436,(33421925394.69287+0j),(1.0000231065126963+0.05632939023889971j),(1.0000231065126963-0.05632939023889971j),(-3.715330001047346e-05+0j),(58.492939818612086+0j),(0.017096080366306908+0j)
821,-2.1253841222268366,1.5744354070682365,46.339857964593584,2.981133993469099,16670487967.758926,(33340975935.517853+0j),(1.022934289587669+0j),(0.9771035201377971+0j),(62.79229539814868+0j),(0.00011784053282658886+0j),(0.015925520697395768+0j)
822,-2.126509391389341,1.576102914176108,46.32154810305086,2.9801645864047854,16630153820.942322,(33260307641.884644+0j),(1.0000428254261573+0.06374637180418334j),(1.0000428254261573-0.06374637180418334j),(-5.043491918591325e-05+0j),(67.35282700262572+0j),(0.014847186740374458+0j)
823,-2.12764218724836,1.5777831367903794,46.30326428484644,2.979181244083246,16590020113.808804,(33180040227.617607+0j),(1.0406410353283895+0j),(0.9592210321616887+0j),(6.679493270920638e-05+0j),(72.19014706270025+0j),(0.013852305898927459+0j)
824,-2.128782661402158,1.5794763432840255,46.28500728817146,2.9781836297634787,16550149294.27296,(33100298588.54592+0j),(1.0320134241625358+0j),(0.9676667909928359+0j),(77.32093308363154+0j),(0.0001469085745383377+0j),(0.012933108281555658+0j)
825,-2.1299309702729503,1.581182810945718,46.26677792510772,2.977171394350811,16510602564.954435,(33021205129.908875+0j),(1.000110171542547+0.040181768941612406j),(1.000110171542547-0.040181768941612406j),(-7.82752342835615e-05+0j),(82.76301624207187+0j),(0.01208269158624816+0j)
826,-2.1310872753019345,1.5829028263611946,46.24857704352447,2.976144175804947,16471448889.286957,(32942897778.573914+0j),(1.000032809720253+0.04622774087590664j),(1.000032809720253-0.04622774087590664j),(-0.00010473774247498847+0j),(88.53546774120927+0j),(0.011294908419341436+0j)
827,-2.132251743090035,1.584636685718732,46.2304055288936,2.975101598573131,16432756675.7912,(32865513351.582397+0j),(0.9999136511046967+0.01703671651447127j),(0.9999136511046967-0.01703671651447127j),(2.3054992568348213e-06+0j),(94.65870724794816+0j),(0.01056426850813217+0j)
828,-2.133424545578735,1.5863846951804523,46.21226430633536,2.9740432729603015,16394598192.1521,(32789196384.3042+0j),(1.0513809627467463+0j),(0.9485509201812631+0j),(101.15461079737271+0j),(7.837871057567418e-05+0j),(0.009885856829640126+0j)
829,-2.134605860224552,1.588147171250148,46.194154342752256,2.9729687944775143,16357048582.55626,(32714097165.11252+0j),(1.035023671484978+0j),(0.9651439961280179+0j),(108.04663338511372+0j),(-5.322512809310104e-05+0j),(0.009255262923700987+0j)
830,-2.1357958701673376,1.5899244411384783,46.1760766490586,2.971877743166274,16320187588.289612,(32640375176.579224+0j),(1.0000219605166514+0.059344994901316866j),(1.0000219605166514-0.059344994901316866j),(115.35994074157173+0j),(-4.277340399064705e-05+0j),(0.008668520402933816+0j)
831,-2.136994764396858,1.5917168431322817,46.158032282527614,2.970769682894063,16284098167.821943,(32568196335.64389+0j),(1.0001729136246342+0.05250801959862132j),(1.0001729136246342-0.05250801959862132j),(123.12155639275691+0j),(-0.00026177249568020474+0j),(0.008122054571904779+0j)
832,-2.1382027379323043,1.5935247269906514,46.14002234931628,2.969644160604596,16248868721.911703,(32497737443.82341+0j),(1.0002089368574132+0.05762129709253983j),(1.0002089368574132-0.05762129709253983j),(-0.0003381442990025429+0j),(131.3605197270898+0j),(0.0076126373592297555+0j)
833,-2.139419991975837,1.5953484543095526,46.122048007043006,2.9685007055584833,16214590115.79546,(32429180231.59092+0j),(1.0001550462627664+0.032972661920070916j),(1.0001550462627664-0.032972661920070916j),(140.10806385381312+0j),(-0.00025206694394981735+0j),(0.007137347933396146+0j)
834,-2.1406467340936195,1.5971883989360092,46.10411046761397,2.9673388285107882,16181359192.97734,(32362718385.95468+0j),(1.0001232934093993+0.03004486881954074j),(1.0001232934093993-0.03004486881954074j),(149.39780515419017+0j),(-0.00020704354791962654+0j),(0.0066935387636187+0j)
835,-2.141883178357742,1.5990449473320696,46.0862110000756,2.9661580208874034,16149278286.563126,(32298556573.12625+0j),(1.045135962701116+0j),(0.9547811202095928+0j),(159.26595498892746+0j),(8.78226673152022e-05+0j),(0.006278805787888086+0j)
836,-2.143129545495615,1.6009184989588536,46.06835093366614,2.964957753914494,16118454824.185455,(32236909648.37091+0j),(1.0562582448538356+0j),(0.9439490520285221+0j),(169.75155229634663+0j),(-3.2528426065023775e-05+0j),(0.0058909623298345985+0j)
837,-2.1443860630276967,1.6028094666525858,46.0505316610108,2.9637374777165784,16089001822.436771,(32178003644.873543+0j),(1.0001343914237353+0.028680581564268778j),(1.0001343914237353-0.028680581564268778j),(180.89671851622197+0j),(-9.953605504598569e-05+0j),(0.005528016252602321+0j)
838,-2.1456529653991105,1.6047182770014112,46.032754641493,2.96249662037595,16061038727.297775,(32122077454.59555+0j),(1.0175448022600189+0j),(0.9828740803131386+0j),(192.74693788863007+0j),(-0.00019557920277736413+0j),(0.0051881498661077614+0j)
839,-2.146930494058855,1.6066453706537691,46.01502140464077,2.961234586996633,16034694816.707767,(32069389633.415535+0j),(1.0389708383648388+0j),(0.961051131002466+0j),(205.35136409572178+0j),(0.0001378315916586522+0j),(0.00486970225108599+0j)
840,-2.148218897560557,1.608591202669476,45.99733355381216,2.9599507587010416,16010103574.0363,(32020207148.0726+0j),(1.0395033888422471+0j),(0.9604507881304444+0j),(218.76316518166385+0j),(0.00011559119901282148+0j),(0.004571153462567992+0j)
841,-2.149518431601399,1.6105562427894773,45.97969276988242,2.9586444916355252,15987409000.437538,(31974818000.875076+0j),(1.05841848973154+0j),(0.9417998885760037+0j),(233.03989418208565+0j),(-7.303556292086851e-05+0j),(0.004291110771037921+0j)
842,-2.1508293590652325,1.6125409757231306,45.96210081519096,2.9573151159216104,15966763921.380264,(31933527842.76053+0j),(1.040334458562696+0j),(0.9597273639822589+0j),(2.7735093786831604e-05+0j),(248.24390447205548+0j),(0.00402829629241659+0j)
843,-2.152151949956932,1.614545901283008,45.944559537320735,2.955961934663836,15948330047.146366,(31896660094.292732+0j),(1.0233996389153786+0j),(0.9766500968310372+0j),(264.44280526603154+0j),(-3.60736412337083e-05+0j),(0.0037815360451964814+0j)
844,-2.1534864813722217,1.6165715345857163,45.92707087327818,2.9545842228677475,15932280206.768051,(31864560413.536102+0j),(1.0000042968865581+0.026200958734147243j),(1.0000042968865581-0.026200958734147243j),(281.7099639370959+0j),(-7.032002317272594e-05+0j),(0.0035497501970707663+0j)
845,-2.154833237379348,1.618618406131737,45.909636853601086,2.953181226392532,15918799322.376236,(31837598644.752472+0j),(300.12506104341116+0j),(0.9998993310345341+0.05386117543118893j),(0.9998993310345341-0.05386117543118893j),(3.5120561888850954e-05+0j),(0.003331944345226026+0j)
846,-2.156192508774036,1.6206870617052604,45.89225960622702,2.951752160980826,15908084575.94214,(31816169151.884277+0j),(319.77470203933245+0j),(1.0372222101500954+0j),(0.9627778344935635+0j),(1.781771774481891e-05+0j),(0.003127201725558635+0j)
847,-2.1575645928777507,1.622778062352441,45.87494136081666,2.9502962111890954,15900347357.986963,(31800694715.97393+0j),(1.0000014391541456+0.009938088649786571j),(1.0000014391541456-0.009938088649786571j),(-6.363619645104495e-05+0j),(340.75309352998386+0j),(0.002934676218617263+0j)
848,-2.15894979313099,1.624891984060231,45.85768445250874,2.9488125294796372,15895814144.416866,(31791628288.833733+0j),(0.9999516858939167+0.03300201771005748j),(0.9999516858939167-0.03300201771005748j),(-8.708596959250808e-07+0j),(363.16278821369315+0j),(0.002753586084389033+0j)
849,-2.160348418671252,1.627029417423573,45.84049132587493,2.9473002352791213,15894725970.253502,(31789451940.507004+0j),(387.11550667466446+0j),(1.017097279585397+0j),(0.9829674063789353+0j),(-8.321402963367983e-05+0j),(0.002583208326058495+0j)
850,-2.1617607837058737,1.629190967011259,45.82336453825368,2.9457584142081488,15897343651.336988,(31794687302.673973+0j),(412.73304455049515+0j),(1.0001588304689304+0.01752427666939211j),(1.0001588304689304-0.01752427666939211j),(-0.00021485289465224201+0j),(0.0024228736061094633+0j)
851,-2.163187206847156,1.6313772506839697,45.80630676314697,2.9441861173109896,15903945950.138176,(31807891900.276352+0j),(440.14827099372263+0j),(1.0110113702582142+0j),(0.9891665200057217+0j),(-0.00010234362350770027+0j),(0.002271961668162677+0j)
852,-2.164628010182356,1.6335888985160294,45.78932079264601,2.9425823605373,15914834143.106892,(31829668286.213783+0j),(469.5062302270152+0j),(1.0001546949986238+0.05038513640893108j),(1.0001546949986238-0.05038513640893108j),(-0.0002722586547565899+0j),(0.0021298971890324624+0j)
853,-2.166083518255439,1.6358265515884476,45.77240953959879,2.940946124296699,15930331345.006882,(31860662690.013763+0j),(500.9653499588046+0j),(1.0073630176045363+0j),(0.9926111374473721+0j),(1.8687850339785276e-06+0j),(0.0019961460410113283+0j)
854,-2.167554056811172,1.6380908604224744,45.75557603878154,2.939276353260376,15950785388.70306,(31901570777.40612+0j),(534.698771021893+0j),(1.0094024888441286+0j),(0.9905012010526106+0j),(8.021331026002225e-05+0j),(0.001870211891589323+0j)
855,-2.1690399512757024,1.640382483009692,45.73882344683497,2.9375719564586653,15976573377.393074,(31953146754.786148+0j),(570.8958108635688+0j),(0.9999680147174709+0.025168925165440326j),(0.9999680147174709-0.025168925165440326j),(6.281121801946947e-05+0j),(0.0017516331018946855+0j)
856,-2.3623610237864807,2.040141898522456,42.47470655162328,2.2664718933216284,2273957027323.829,(4547914054647.658+0j),(76968758.04937972+0j),(1.0003114513533489+0.3818240987524664j),(1.0003114513533489-0.3818240987524664j),(-0.0017272502833323153+0j),(7.2830481745508275e-09+0j)
857,-2.3621376000714656,2.038936825661683,42.49409639690118,2.2704123232355666,2251143789841.661,(4502287579683.322+0j),(73796846.42792937+0j),(1.3678253526414523+0j),(0.6315745345677318+0j),(0.0008370861423805619+0j),(8.494016146104435e-09+0j)
858,-2.3619089997853635,2.03772700163816,42.51348054206832,2.274346737338335,2228160608452.1406,(4456321216904.281+0j),(70732373.88726479+0j),(0.999970085456119+0.2589824585703715j),(0.999970085456119-0.2589824585703715j),(1.8029469657401913e-06+0j),(1.4971357710506662e-07+0j)
859,-2.361675211693356,2.0365124020042003,42.53285891799912,2.278275159887351,2205016730344.3174,(4410033460688.635+0j),(67772544.48558629+0j),(0.9995733889269975+0.3266198631748888j),(0.9995733889269975-0.3266198631748888j),(-0.00011554317620264854+0j),(1.6464853091151427e-08+0j)
860,-2.3614362242012032,2.035293001727606,42.552231454412926,2.2821976157881343,2181721417600.0923,(4363442835200.185+0j),(64914604.72078886+0j),(1.4501238296347325+0j),(0.5501482042689179+0j),(0.00046571886380620934+0j),(2.011029053308683e-08+0j)
861,-2.361192025345739,2.0340687751763675,42.5715980798372,2.2861141306079844,2158283853519.0908,(4316567707038.1816+0j),(62155850.50592998+0j),(1.2124242054683787+0j),(0.7873220270443351+0j),(0.0008096516049727069+0j),(1.1561590015991229e-08+0j)
862,-2.360942602785326,2.032839696104128,42.59095872157058,2.29002473058617,2134713175685.8364,(4269426351371.673+0j),(59493624.57408229+0j),(1.270430575526647+0j),(0.7295023849460817+0j),(0.000759386368323287+0j),(1.416447304699133e-08+0j)
863,-2.360687943789817,2.031605737634379,42.610313305644,2.293929442646883,2111018494810.612,(4222036989621.2236+0j),(56925314.13883215+0j),(1.0829608863593376+0j),(0.9172144590650473+0j),(0.0004514518349206071+0j),(1.506764307158354e-08+0j)
864,-2.3604280352303344,2.030366872244532,42.629661756780585,2.297828294411697,2087208848931.293,(4174417697862.586+0j),(54448353.92142353+0j),(1.2615166407798006+0j),(0.737645792376133+0j),(0.001236556650688698+0j),(2.173458948398029e-08+0j)
865,-2.360162863568677,2.02912307174944,42.6490039983542,2.3017213142123962,2063293226299.6196,(4126586452599.239+0j),(52060224.67471636+0j),(1.2696691525345458+0j),(0.7304010484740572+0j),(0.00010016912542041114+0j),(1.6710096635822773e-08+0j)
866,-2.359892414846421,2.0278743072843204,42.66833995234641,2.3056085311046584,2039280557622.1208,(4078561115244.241+0j),(49758452.402114175+0j),(1.2497949896341223+0j),(0.7493466957127716+0j),(0.0002530477004994816+0j),(2.1425735358288585e-08+0j)
867,-2.3596166746736924,2.026620549287314,42.687669539302,2.309489974881517,2015179690735.441,(4030359381470.882+0j),(47540610.88045197+0j),(1.2253047399430388+0j),(0.7748974121344829+0j),(0.0006030605475159799+0j),(1.6399489427399707e-08+0j)
868,-2.359335628217529,2.02536176748129,42.70699267828272,2.3133656760878702,1990999432858.1829,(3981998865716.3657+0j),(45404316.8670746+0j),(1.0002192048785457+0.2816515410853429j),(1.0002192048785457-0.2816515410853429j),(0.000293997324153902+0j),(3.20490463798262e-08+0j)
869,-2.3590492601899915,2.024097930855356,42.726309286819735,2.317235666034777,1966748491415.8552,(3933496982831.7104+0j),(43347234.951820016+0j),(1.2003076026775346+0j),(0.7992997528467612+0j),(0.0004743727943661224+0j),(2.4229393603513557e-08+0j)
870,-2.358757554835729,2.0228290076453432,42.7456192808636,2.321099976815291,1942435516998.13,(3884871033996.2603+0j),(41367073.569674805+0j),(1.0000789138989268+0.10951958887793639j),(1.0000789138989268-0.10951958887793639j),(0.0002683173856997198+0j),(1.9552817784358377e-08+0j)
871,-2.358460495919295,2.0215549653140603,42.7649225747331,2.3249586413198324,1918069074126.119,(3836138148252.238+0j),(39461586.629475474+0j),(1.0000599250304405+0.11335433218332781j),(1.0000599250304405-0.11335433218332781j),(0.00011603678020315573+0j),(2.607445390532619e-08+0j)
872,-2.35815806671199,2.020275770530831,42.78421908106192,2.3288116932521143,1893657629337.2815,(3787315258674.5635+0j),(37628573.5808348+0j),(1.2932459078966954+0j),(0.7067889727777763+0j),(-0.00014023883913264295+0j),(2.339077494702227e-08+0j)
873,-2.357850249978307,2.018991389150352,42.80350871074336,2.3326591671457617,1869209590151.866,(3738419180303.732+0j),(35865876.752896436+0j),(1.242903806927746+0j),(0.7569203447243752+0j),(0.000859675058145927+0j),(2.603404372567599e-08+0j)
874,-2.357537027961808,2.017701786190408,42.82279137287246,2.3365010983827847,1844733244181.552,(3689466488363.1035+0j),(34171384.58194784+0j),(1.178450465757635+0j),(0.8215250389951158+0j),(8.565962989085474e-05+0j),(2.537321846659019e-08+0j)
875,-2.3572183823708124,2.016406925809992,42.842066974687214,2.340337523209227,1820236821687.3508,(3640473643374.7017+0j),(32543027.17518635+0j),(1.1737607594035915+0j),(0.8261991387135028+0j),(0.0004383958657481842+0j),(3.441805060338987e-08+0j)
876,-2.356894294363268,2.015106771285324,42.86133542150593,2.3441684787554413,1795728432984.6848,(3591456865969.3696+0j),(30978779.57407359+0j),(1.0001290733983779+0.06843347634469607j),(1.0001290733983779-0.06843347634469607j),(-0.00019252829626235406+0j),(3.472991459876769e-08+0j)
877,-2.3565647445314,2.013801284986084,42.88059661666337,2.3479940030541373,1771216084582.277,(3542432169164.554+0j),(29476660.435556103+0j),(1.1816584152243887+0j),(0.818842469109694+0j),(-0.001267854877994786+0j),(3.7115218675934186e-08+0j)
878,-2.356229712885672,2.012490428350389,42.89985046144388,2.351814135060173,1746707709689.1514,(3493415419378.3027+0j),(28034729.60112831+0j),(0.9997008461950343+0.15292665528916824j),(0.9997008461950343-0.15292665528916824j),(0.00037055906156618256+0j),(3.386948116753999e-08+0j)
879,-2.3558891788383325,2.011174161859209,42.919096855012256,2.3556289146703975,1722211106907.644,(3444422213815.288+0j),(26651091.08828342+0j),(1.2198759480389132+0j),(0.7798824577400927+0j),(0.0005725773804690046+0j),(3.8410736078551606e-08+0j)
880,-2.355543121186246,2.009852445009459,42.93833569434129,2.3594383827453385,1697733994967.4202,(3395467989934.8403+0j),(25323889.606134485+0j),(1.2221884434330876+0j),(0.7776065500964949+0j),(-0.0003703023626997428+0j),(4.2888040974699936e-08+0j)
881,-2.355191518093314,2.008525236286792,42.95756687413724,2.3632425811298745,1673283966337.7856,(3346567932675.5713+0j),(24051312.380606733+0j),(1.1281638307417103+0j),(0.8716392262751632+0j),(0.0005739711972208996+0j),(4.0869999894803955e-08+0j)
882,-2.3548343470721567,2.007192493136978,42.97679028676176,2.3670415526759925,1648868506771.53,(3297737013543.06+0j),(22831587.64165871+0j),(1.0004514424371893+0.14715480450670287j),(1.0004514424371893-0.14715480450670287j),(-0.0011891203006921625+0j),(4.321617754507601e-08+0j)
883,-2.3544715849652484,2.0058541719366016,42.99600582215098,2.370835341265443,1624495001936.553,(3248990003873.106+0j),(21662983.93482208+0j),(1.0297610623899474+0j),(0.9709118720326083+0j),(-0.0011782808213387532+0j),(4.0589875505852316e-08+0j)
884,-2.354103207925283,2.0045102279623843,43.01521336773103,2.3746239918341363,1600170700601.462,(3200341401202.924+0j),(20543811.11397424+0j),(1.1498739860530212+0j),(0.8501495493073179+0j),(7.885956691413398e-05+0j),(4.72344131011741e-08+0j)
885,-2.353729191395005,2.00316061535998,43.03441280833059,2.3784075503958357,1575902741249.2224,(3151805482498.445+0j),(19472418.590224244+0j),(1.148812181923704+0j),(0.8505492191955951+0j),(0.0006882409932602876+0j),(5.04381295003897e-08+0j)
886,-2.3533495100862254,2.001805287111296,43.0536040260896,2.3821860640677652,1551698152940.794,(3103396305881.588+0j),(18447194.94794526+0j),(1.2119818042634107+0j),(0.7878821871413991+0j),(0.00033733217306026065+0j),(5.28757947099145e-08+0j)
887,-2.352964137958101,2.0004441950007057,43.07278690036405,2.3859595810969285,1527563838106.862,(3055127676213.724+0j),(17466567.93858277+0j),(0.9999404006451129+0.213586094965342j),(0.9999404006451129-0.213586094965342j),(0.0008238183836723798+0j),(5.6959687963339304e-08+0j)
888,-2.352573048194628,1.9990772895800588,43.09196130762703,2.389728150887309,1503506568975.247,(3007013137950.494+0j),(16529004.202275172+0j),(0.9997912336932819+0.1587117820585607j),(0.9997912336932819-0.1587117820585607j),(0.00018108701723787584+0j),(6.115512946784316e-08+0j)
889,-2.352176213181385,1.9977045201326709,43.1111271213657,2.393491824027363,1479533000601.9072,(2959066001203.8145+0j),(15633008.029974094+0j),(1.0001705156631118+0.09038896964562974j),(1.0001705156631118-0.09038896964562974j),(-0.00018010764689786277+0j),(6.45042389120566e-08+0j)
890,-2.351773604481446,1.996325834635969,43.130284211974,2.3972506523186947,1455649661057.846,(2911299322115.692+0j),(14777121.4573789+0j),(1.1357066124048818+0j),(0.8641865043878583+0j),(0.001044153053858466+0j),(6.617216351184437e-08+0j)
891,-2.351365192810269,1.9949411797224303,43.14943244664032,2.4010046888065437,1431862953175.5215,(2863725906351.043+0j),(13959923.420728566+0j),(1.0363670138770846+0j),(0.9628581382207472+0j),(0.0002569441542349067+0j),(7.385197304633474e-08+0j)
892,-2.3509509480098174,1.993550500639529,43.16857168923082,2.40475398781027,1408179137385.0176,(2816358274770.035+0j),(13180029.920327898+0j),(1.130666149836495+0j),(0.8697221924386368+0j),(-7.615189339553819e-06+0j),(7.716551419614062e-08+0j)
893,-2.35053083902168,1.9921537412081505,43.18770180016786,2.408498604954985,1384604363840.2637,(2769208727680.5273+0j),(12436092.289926399+0j),(0.9998086406388047+0.04921002166111055j),(0.9998086406388047-0.04921002166111055j),(0.0006412175610727865+0j),(7.954322895869613e-08+0j)
894,-2.3501048338592168,1.9907508437794823,43.2068226363028,2.4122385972043734,1361144635979.6987,(2722289271959.3975+0j),(11726797.95304159+0j),(0.9995830846460046+0.11876843942778355j),(0.9995830846460046-0.11876843942778355j),(0.0009810084659416475+0j),(8.56297050078826e-08+0j)
895,-2.349672899578536,1.9893417491899656,43.22593405078314,2.4159740228954862,1337805830203.3818,(2675611660406.7637+0j),(11050869.149536064+0j),(1.000090488900906+0.31997048069260825j),(1.000090488900906-0.31997048069260825j),(-0.0006584535543336747+0j),(8.920980484068422e-08+0j)
896,-2.349235002248628,1.9879263967153835,43.245035892914686,2.4197049417725958,1314593697728.044,(2629187395456.088+0j),(10407062.38159876+0j),(1.2498323928649389+0j),(0.7499714148868539+0j),(0.0001718128037563944+0j),(9.55128517016978e-08+0j)
897,-2.348791106920141,1.98650472402243,43.26412800801656,2.4234314150244574,1291513827819.4834,(2583027655638.967+0j),(9794168.8752187+0j),(1.000667262561846+0.0603585324665803j),(1.000667262561846-0.0603585324665803j),(-0.0013802292210510997+0j),(1.0365776505018387e-07+0j)
898,-2.3483411775930527,1.985076667118901,43.28321023727036,2.4271535053214843,1268571709195.9512,(2537143418391.9023+0j),(9211012.318225652+0j),(1.0002291714878568+0.124695894289576j),(1.0002291714878568-0.124695894289576j),(-0.0005966065014070569+0j),(1.0782633766668451e-07+0j)
899,-2.347885177183176,1.9836421603020404,43.30228241756253,2.4308712768544067,1245772665216.6594,(2491545330433.319+0j),(8656450.102885392+0j),(1.0932426109609827+0j),(0.9066952742960575+0j),(0.00011910299846611324+0j),(1.1546514821932289e-07+0j)
900,-2.347423067487262,1.9822011361047744,43.32134438131944,2.4345847953743913,1223121907885.9868,(2446243815771.9736+0j),(8129371.276929665+0j),(0.9999191138204896+0.11614170054445465j),(0.9999191138204896-0.11614170054445465j),(0.0003595480120638372+0j),(1.223288757789839e-07+0j)
901,-2.346954809146842,1.980753525240002,43.34039595633498,2.4382941282345563,1200624493758.4292,(2401248987516.8584+0j),(7628697.196025799+0j),(1.0000394744205017+0.16933040968462995j),(1.0000394744205017-0.16933040968462995j),(-3.79995960368942e-05+0j),(1.3245717833975226e-07+0j)
902,-2.346480361610609,1.9792992565427616,43.35943696559042,2.4419993444326633,1178285342093.316,(2356570684186.632+0j),(7153380.441639229+0j),(1.1356825968577164+0j),(0.863600994727984+0j),(0.0004134970517471644+0j),(1.3881743441180712e-07+0j)
903,-2.3459996830953584,1.9778382569102284,43.37846722706574,2.445700514655241,1156109249934.8926,(2312218499869.785+0j),(6702403.937270716+0j),(1.1213800339698528+0j),(0.8781079022784329+0j),(0.00017274210809791021+0j),(1.4825438545540509e-07+0j)
904,-2.3455127305454053,1.9763704512393736,43.39748655354242,2.449397711323372,1134100854254.2676,(2268201708508.535+0j),(6274781.290397258+0j),(1.1464997203935587+0j),(0.853932374740875+0j),(-0.00011990728240408054+0j),(1.5882878608904298e-07+0j)
905,-2.345019459590348,1.974895762362198,43.4164947523968,2.4530910086399027,1112264668620.3228,(2224529337240.6455+0j),(5869555.3625927875+0j),(1.0638848033537145+0j),(0.9358514375870902+0j),(0.0002631843829732961+0j),(1.704404958461054e-07+0j)
906,-2.344519824501208,1.9734141109785392,43.43549162538368,2.4567804826381607,1090605062688.4492,(2181210125376.8984+0j),(5485798.239586429+0j),(1.0001933665688376+0.20623846786881356j),(1.0001933665688376-0.20623846786881356j),(-8.429451192441545e-05+0j),(1.8001829096288555e-07+0j)
907,-2.344013778144794,1.9719254155862336,43.45447696840996,2.4604662112323177,1069126269592.4257,(2138252539184.851+0j),(5122610.463514796+0j),(1.1002416070092145+0j),(0.8999440456458415+0j),(0.0004587951215229929+0j),(1.9543538425990774e-07+0j)
908,-2.343501271936214,1.970429592408487,43.47345057129696,2.464148274269621,1047832383722.9464,(2095664767445.8928+0j),(4779120.5683686165+0j),(1.00006136124526+0.17309180107678426j),(1.00006136124526-0.17309180107678426j),(-0.0005687150646387222+0j),(2.0922600105112977e-07+0j)
909,-2.342982255789514,1.968926555318509,43.49241221753166,2.467826753584086,1026727344833.7312,(2053454689667.4626+0j),(4454484.8146368405+0j),(1.2817548908984955+0j),(0.7182284752221695+0j),(3.293992544379222e-05+0j),(2.2469397312151974e-07+0j)
910,-2.342456678066288,1.9674162157611768,43.5113616840058,2.471501733051885,1005814982759.1353,(2011629965518.2703+0j),(4147885.818879743+0j),(0.9999415245944594+0.13794470713052542j),(0.9999415245944594-0.13794470713052542j),(0.00012304753772289547+0j),(2.411658278094228e-07+0j)
911,-2.341924485522165,1.9658984826714485,43.530298740741976,2.4751732986490573,985098965350.557,(1970197930701.114+0j),(3858532.973851092+0j),(1.0004076795073127+0.07879843331132956j),(1.0004076795073127-0.07879843331132956j),(-0.0006877262826037266+0j),(2.5886448958779397e-07+0j)
912,-2.3413856232512007,1.9643732623898376,43.5492231506067,2.47884153851034,964582830675.9482,(1929165661351.8965+0j),(3585661.323258195+0j),(0.9999909189253227+0.0811227766312357j),(0.9999909189253227-0.0811227766312357j),(0.0002443330166630103+0j),(2.788377443268656e-07+0j)
913,-2.340840034627849,1.9628404585742023,43.56813466900872,2.482506542990614,944269985505.71,(1888539971011.4202+0j),(3328531.077555598+0j),(0.9999888503149714+0.07646289940855924j),(0.9999888503149714-0.07646289940855924j),(1.6417931084417403e-05+0j),(2.997624556551953e-07+0j)
914,-2.340287661246626,1.9612999721082112,43.587033043582544,2.4861684047279637,924163685375.7148,(1848327370751.4297+0j),(3086427.3907703958+0j),(1.2320949178561997+0j),(0.7677967950144079+0j),(0.0002712546299520942+0j),(3.23819041867886e-07+0j)
915,-2.33972844285924,1.959751701006113,43.60591801385612,2.489827218708737,904267060904.797,(1808534121809.594+0j),(2858659.4203675133+0j),(0.9996821039559671+0.061268077704376j),(0.9996821039559671-0.061268077704376j),(0.0004706250089568596+0j),(3.496041735388677e-07+0j)
916,-2.339162317309115,1.958195540313692,43.62478931090146,2.4934830823346923,884583095317.67,(1769166190635.34+0j),(2644560.1451395294+0j),(0.9998346503112505+0.13334716331379662j),(0.9998346503112505-0.13334716331379662j),(0.00029430992001840074+0j),(3.781965084885237e-07+0j)
917,-2.3385892204631555,1.9566313820052128,43.64364665696762,2.4971360954922726,865114643228.3735,(1730229286456.747+0j),(2443485.5656289365+0j),(1.1974323105426112+0j),(0.8033536207056872+0j),(-0.0006272889448262654+0j),(4.091935388332469e-07+0j)
918,-2.3380090861406115,1.955059114876124,43.662489765094506,2.500786360624204,845864430457.7194,(1691728860915.4387+0j),(2254814.21955987+0j),(0.9997802215189331+0.10926527601412j),(0.9997802215189331-0.10926527601412j),(0.0007859871471184078+0j),(4.4376618853457837e-07+0j)
919,-2.3374218460390424,1.953478624431664,43.681318338707214,2.504433982802758,826835035721.5201,(1653670071443.0403+0j),(2077946.8857354287+0j),(1.0535451899715373+0j),(0.9465380334339389+0j),(8.308003761109752e-05+0j),(4.812820628927277e-07+0j)
920,-2.3368274296570384,1.9518897927707004,43.70013207118875,2.508079069805754,808028913470.3757,(1616057826940.7515+0j),(1912305.797567794+0j),(1.199573464795259+0j),(0.8006828238073243+0j),(-0.0005367541119930287+0j),(5.229155416560359e-07+0j)
921,-2.336225764213717,1.9502924984649883,43.71893064543054,2.5117217321945216,789448381494.6906,(1578896762989.381+0j),(1757334.2841576815+0j),(1.0000373667401288+0.24095166835801235j),(1.0000373667401288-0.24095166835801235j),(-0.00012143628174706827+0j),(5.68883627768102e-07+0j)
922,-2.3356167745648286,1.9486866164336096,43.73771373335935,2.51536208339396,771095625317.6156,(1542191250635.2312+0j),(1612496.2234049707+0j),(1.2087138897366576+0j),(0.7919110550880132+0j),(-0.000130906223711782+0j),(6.201043782798487e-07+0j)
923,-2.335000383115142,1.9470720178120096,43.756480995438565,2.519000239775429,752972704266.3075,(1505945408532.615+0j),(1477275.484712481+0j),(1.0802382852282115+0j),(0.9190406856729719+0j),(0.00045604906928262845+0j),(6.767779345747304e-07+0j)
924,-2.334376509727291,1.9454485698161783,43.77523208014352,2.5226363207410283,735081548243.765,(1470163096487.53+0j),(1351175.4759801736+0j),(1.0671540869872933+0j),(0.9333043108040877+0j),(-0.00027431526937080763+0j),(7.401756859131405e-07+0j)
925,-2.333745071626503,1.94381613560083,43.79396662340774,2.526270448811081,717423953434.0618,(1434847906868.1235+0j),(1233718.6961892273+0j),(1.080224733032225+0j),(0.9202820562398404+0j),(-0.0002726545373979879+0j),(8.107934410532343e-07+0j)
926,-2.3331059833014542,1.9421745741123293,43.81268424804005,2.52990274971289,700001588943.4958,(1400003177886.9917+0j),(1124446.1899832354+0j),(0.999822792149458+0.027924731165701402j),(0.999822792149458-0.027924731165701402j),(0.0006059272982703122+0j),(8.893861623955196e-07+0j)
927,-2.3324591564006325,1.940523739935164,43.831384563109,2.533533352472588,682816010922.2772,(1365632021844.5544+0j),(1022916.9626263051+0j),(1.1226883579872957+0j),(0.8777495725501275+0j),(-0.00025598489107062+0j),(9.776263831302513e-07+0j)
928,-2.331804499624498,1.938863483132712,43.85006716329436,2.5371623895083455,665868628471.13,(1331737256942.26+0j),(928707.7875664808+0j),(1.0131827430311742+0j),(0.9867879529439733+0j),(2.6637446755284882e-05+0j),(1.0767530007121726e-06+0j)
929,-2.3311419186127966,1.937193649081204,43.86873162820213,2.540789996726228,649160746759.59,(1298321493519.18+0j),(841412.398419893+0j),(1.1198815336826393+0j),(0.879972162561467+0j),(0.0005712135718233892+0j),(1.1884386247958504e-06+0j)
930,-2.330471315827212,1.9355140782973763,43.88737752164218,2.5444163136174893,632693544281.2375,(1265387088562.475+0j),(760641.2177185371+0j),(1.1364099934437701+0j),(0.862645713908777+0j),(0.0011564809323093641+0j),(1.3146332857888435e-06+0j)
931,-2.329792590428817,1.933824606258868,43.90600439086474,2.5480414833584595,616468076565.5266,(1232936153131.0532+0j),(686020.8712765845+0j),(0.9997872922977216+0.13016452925806174j),(0.9997872922977216-0.13016452925806174j),(0.0010755217370372566+0j),(1.4577223836258098e-06+0j)
932,-2.3291056381505766,1.9321250632181848,43.924611765755486,2.5516656529107906,600485274448.1907,(1200970548896.3813+0j),(617193.7480133964+0j),(1.0960613573471605+0j),(0.9037766812387352+0j),(4.768484827938131e-05+0j),(1.620144316715267e-06+0j)
933,-2.328410351164027,1.930415274008496,43.94319915798345,2.5552889731248207,584745963090.5682,(1169491926181.1365+0j),(553817.4452547116+0j),(1.0000003284031165+0.09782795441776954j),(1.0000003284031165-0.09782795441776954j),(0.00013342574047815848+0j),(1.8057391528910747e-06+0j)
934,-2.327706617940617,1.9286950578425248,43.96176606010205,2.5589115988431224,569250842090.5001,(1138501684181.0002+0j),(495564.4553707268+0j),(1.1023467385400978+0j),(0.8989117158053862+0j),(-0.0011902779357820437+0j),(2.0178439035484696e-06+0j)
935,-2.326994323107137,1.926964228103676,43.98031194459875,2.5625336890048676,554000501317.775,(1108001002635.55+0j),(442121.64737655+0j),(1.0751024392481732+0j),(0.92438946450775+0j),(0.0002154178668069444+0j),(2.261804886684892e-06+0j)
936,-2.326273347294936,1.925222592128796,43.99883626288978,2.5661554067519017,538995418860.2096,(1077990837720.4192+0j),(393189.8586727484+0j),(1.0784914683686824+0j),(0.9217043629211051+0j),(-0.00010210898829045637+0j),(2.5432672198020005e-06+0j)
937,-2.325543566983078,1.9234699509833388,44.01733844425812,2.5697769195339704,524235955545.8445,(1048471911091.689+0j),(348483.5063369005+0j),(1.000150818501321+0.12396276916438315j),(1.000150818501321-0.12396276916438315j),(-0.00046868416981592963+0j),(2.8695663441202028e-06+0j)
938,-2.324804854334918,1.9217060992280324,44.03581789472993,2.5733983992141884,509722369739.5891,(1019444739479.1782+0j),(307730.10845992994+0j),(1.0657668930822652+0j),(0.9348527605578486+0j),(-0.0005544371788749818+0j),(3.249543829770961e-06+0j)
939,-2.32405707702806,1.9199308246772104,44.05427399588637,2.577020022173728,495454808418.2952,(990909616836.5903+0j),(270669.9243559867+0j),(1.194836931894665+0j),(0.8038496326305676+0j),(0.0012199455020200905+0j),(3.6945739683047563e-06+0j)
940,-2.323300098077405,1.9181439081485163,44.07270610360642,2.5806419694153857,481433312335.2529,(962866624670.5059+0j),(237055.53567194415+0j),(1.000149381051564+0.04707944072492264j),(1.000149381051564-0.04707944072492264j),(-0.00031732479441392935+0j),(4.218409893683676e-06+0j)
941,-2.3225337756514497,1.9163451232046544,44.09111354673802,2.5842644266639483,467657816709.7378,(935315633419.4756+0j),(1.1135062221353142+0j),(0.8864832448587875+0j),(206651.45350597156+0j),(6.45175867241745e-06+0j),(4.839096009881106e-06+0j)
942,-2.321757962881032,1.9145342358857167,44.10949562569048,2.5878875844652796,454128161276.10266,(908256322552.2053+0j),(179233.70311907004+0j),(1.0005195295181744+0.14054036703238335j),(1.0005195295181744-0.14054036703238335j),(-0.0007700219212140439+0j),(5.579293361197071e-06+0j)
943,-2.32097250766137,1.91271100443426,44.12785161094753,2.59151163827924,440844076860.6116,(881688153721.2231+0j),(154589.49373284992+0j),(1.0001340818356705+0.06472749542752922j),(1.0001340818356705-0.06472749542752922j),(-0.00018653920911110254+0j),(6.468749904515123e-06+0j)
944,-2.320177252446146,1.910875179010748,44.146180741491904,2.5951367885699854,427805198537.8596,(855610397075.7192+0j),(132516.80462827522+0j),(1.1144200314440393+0j),(0.8861288831944404+0j),(-0.0002542724222627128+0j),(7.546211780941948e-06+0j)
945,-2.319372034034782,1.909026501402224,44.1644822231411,2.5987632408873553,415011066230.0433,(830022132460.0867+0j),(112824.02391797723+0j),(0.9998485925737421+0.0614874874288738j),(0.9998485925737421-0.0614874874288738j),(0.00027175480351554314+0j),(8.86337431049208e-06+0j)
946,-2.318556683352016,1.9071647047225115,44.18275522678583,2.602391205941816,402461122797.01855,(804922245594.0371+0j),(-0.00010041310182073993+0j),(1.0897459767518365+0j),(0.9102864395851671+0j),(95329.59838819708+0j),(1.0489944543223828e-05+0j)
947,-2.318556683352016,1.9071647047225115,44.18275522678583,2.602391205941816,402461122797.01855,(804922245594.0371+0j),(-0.00010041310182073993+0j),(1.0897459767518365+0j),(0.9102864395851671+0j),(95329.59838819708+0j),(1.0489944543223828e-05+0j)
948,-2.3168948751429137,1.903400634673029,44.21921236219469,2.6096525561571338,378091076542.5167,(756182153085.0334+0j),(66257.68808071283+0j),(1.0002132266025325+0.09897411407139332j),(1.0002132266025325-0.09897411407139332j),(-0.0005622157272411392+0j),(1.5092590199740733e-05+0j)
949,-2.315190351442709,1.899580654381017,44.25554468378834,2.6169226186065897,354688830014.35986,(709377660028.7197+0j),(44036.49859232874+0j),(0.999888660851211+0.043940988277230406j),(0.999888660851211-0.043940988277230406j),(0.00028202707031988703+0j),(2.2708439769727328e-05+0j)
950,-2.31344152397779,1.8957022843376103,44.29174409777352,2.6242032697861464,332246719007.4242,(664493438014.8484+0j),(27540.35967771247+0j),(1.11705243693179+0j),(0.882674868315968+0j),(0.00036189767436297065+0j),(3.631034825042079e-05+0j)
951,-2.311646686960436,1.8917628755124,44.32780174454954,2.6314964711684827,310755757683.8506,(621511515367.7012+0j),(15772.286586889186+0j),(1.0757906088938964+0j),(0.9240945161697594+0j),(0.00016153058622493826+0j),(6.340234637711238e-05+0j)
952,-2.3098040085755827,1.887759598874164,44.36370791394205,2.6388042671313476,290205694449.16583,(580411388898.3317+0j),(7854.16737741301+0j),(1.0508829185246142+0j),(0.9492127687069172+0j),(0.00014589429855177551+0j),(0.00012732094279654092+0j)
953,-2.30791152231984,1.8836894352399,44.39945195148951,2.646128780543933,270585089885.05197,(541170179770.1039+0j),(3017.377712588933+0j),(1.0001000266530753+0.05374419407228164j),(1.0001000266530753-0.05374419407228164j),(-0.000243925886465295+0j),(0.0003314135966389517+0j)
954,-2.3059671184151616,1.879549165911135,44.43502215550146,2.6534722052272253,251881372153.1886,(503762744306.3772+0j),(593.8625071092058+0j),(0.9999003010451049+0.05422398421865027j),(0.9999003010451049-0.05422398421865027j),(8.255161537503962e-05+0j),(0.0016838914530310045+0j)
955,-2.3039685356148896,1.8753353647226367,44.47040566495641,2.6608367943066757,234080913920.8133,(468161827841.6266+0j),(1.0000990033131498+0.06996875369490577j),(1.0000990033131498-0.06996875369490577j),(-0.0001379657199443588+0j),(7.518034409029458+0j),(0.13301349070743065+0j)
956,-2.3019133538586143,1.8710443923689224,44.50558833892149,2.6682248431940843,217169094511.4178,(434338189022.8356+0j),(766.7939768663355+0j),(1.0362932138539331+0j),(0.9639004036630445+0j),(-0.00024316387588090672+0j),(0.001304131266190312+0j)
957,-2.2997989884063146,1.866672394166244,44.54055462907642,2.6756386656242124,201130362062.4809,(402260724124.9618+0j),(2455.7575477093687+0j),(1.0000163788169658+0.06644691956163551j),(1.0000163788169658-0.06644691956163551j),(-0.00017137733243097002+0j),(0.00040720632283478025+0j)
958,-2.297622686313346,1.8622153027897408,44.5752874482909,2.683080560785698,185948302657.0,(371896605314+0j),(1.086100522225891+0j),(0.9142345493324006+0j),(4728.1939880228865+0j),(-0.00022591921414167693+0j),(0.00021149724497231842+0j)
959,-2.295381526407488,1.8576688480108567,44.60976804021621,2.690552769129742,171605698652.95148,(343211397305.90295+0j),(1.0318603197678713+0j),(0.968255656987376+0j),(7300.146212826726+0j),(-3.6816441584115656e-05+0j),(0.00013698355789010054+0j)
960,-2.293072424297696,1.853028576039924,44.643975857681184,2.6980574139565507,158084586265.04828,(316169172530.09656+0j),(9943.627438282869+0j),(1.0000888048074397+0.08062078351939386j),(1.0000888048074397-0.08062078351939386j),(-0.00012457101670054307+0j),(0.00010056692142079639+0j)
961,-2.290692144403754,1.848289881785213,44.67788846168309,2.7055964253514686,145366309032.41568,(290732618064.83136+0j),(12480.581884282761+0j),(1.056059552824093+0j),(0.9438922408803544+0j),(9.961616408821059e-05+0j),(8.012447145398968e-05+0j)
962,-2.2882373215335523,1.84344805813504,44.71148145819524,2.7131714425650992,133431560163.09096,(266863120326.18195+0j),(14777.201308613621+0j),(1.0702204920424316+0j),(0.9298807030668801+0j),(-0.00019448594053571105+0j),(6.767181342783256e-05+0j)
963,-2.285704495130433,1.838498367204296,44.744728497185626,2.7207836906118548,122260420965.21658,(244520841930.43317+0j),(16738.584625469564+0j),(0.9999873198906195+0.07303647610786555j),(0.9999873198906195-0.07303647610786555j),(-0.00011207106942730874+0j),(5.974220893916122e-05+0j)
964,-2.283090159931484,1.8334361392870488,44.77760136745432,2.728433826828066,111832379555.54996,(223664759111.0999+0j),(18303.710438741356+0j),(1.0517690691015154+0j),(0.9481661075418875+0j),(0.00015700604490845283+0j),(5.46337350824925e-05+0j)
965,-2.280390837295206,1.828256905789798,44.81007023197065,2.736121753718951,102126342755.74213,(204252685511.48425+0j),(19440.710218030974+0j),(1.0346936864361602+0j),(0.9653111604595221+0j),(8.430489676297858e-06+0j),(5.143845187651537e-05+0j)
966,-2.2776031717402625,1.822956572456209,44.84210406091609,2.7438463958955146,93120617135.8341,(186241234271.6682+0j),(20142.400758791842+0j),(0.9997289138538623+0.028565268875058787j),(0.9997289138538623-0.028565268875058787j),(0.0004913240755229828+0j),(4.964651250347541e-05+0j)
967,-2.274724056997772,1.8175316382445728,44.87367133184001,2.7516054417974627,84792876900.92984,(169585753801.85968+0j),(20422.06517939763+0j),(1.053027142149298+0j),(0.9469162143139186+0j),(0.00019104606543821585+0j),(4.896664555365612e-05+0j)
968,-2.2717507948111284,1.8119794628092525,44.90474107529692,2.7593950555817206,77120099822.37634,(154240199644.7527+0j),(20309.44348003201+0j),(0.9999693578787261+0.038931377676990384j),(0.9999693578787261-0.038931377676990384j),(-0.00014771585358203224+0j),(4.923817780055674e-05+0j)
969,-2.268681287395394,1.8062985810356225,44.93528434466974,2.7672095714245115,70078475756.3292,(140156951512.6584+0j),(19846.914436366915+0j),(0.999964452438656+0.04743955961313476j),(0.999964452438656-0.04743955961313476j),(8.120880223351502e-05+0j),(5.038566665292492e-05+0j)
970,-2.2655142605591023,1.8004890560849258,44.96527617312096,2.7750411914107525,63643294162.66615,(127286588325.3323+0j),(19085.858006812698+0j),(1.0435846139252716+0j),(0.9564293773511892+0j),(6.0280924314174034e-05+0j),(5.239481601018367e-05+0j)
971,-2.2622495088763546,1.7945528529593795,44.99469803952056,2.7828797183147502,57788812754.14465,(115577625508.2893+0j),(18083.195147199043+0j),(1.0355337722704572+0j),(0.9645050271214761+0j),(2.096772092924158e-05+0j),(5.529996319190522e-05+0j)
972,-2.258888147359168,1.7884942036303737,45.02354079030724,2.790712363928972,52488127264.805984,(104976254529.61197+0j),(16898.132519731724+0j),(1.0261058265673613+0j),(0.9737732591953631+0j),(8.828061465062506e-05+0j),(5.9178135849935e-05+0j)
973,-2.255432846967873,1.7823199244719996,45.051807852717154,2.7985236789550165,47713064420.87018,(95426128841.74036+0j),(15589.163143252023+0j),(1.0231280749704554+0j),(0.9766941347339161+0j),(0.00012157198150459707+0j),(6.414712632474172e-05+0j)
974,-2.2518880259320047,1.776039640412564,45.07951843580924,2.8062956480456513,43434129049.96985,(86868258099.9397+0j),(14211.40482671907+0j),(1.00006019679829+0.01629014864627955j),(1.00006019679829-0.01629014864627955j),(-6.115679222133348e-05+0j),(7.036601933670442e-05+0j)
975,-2.248259967551644,1.769665871486875,45.10671027637088,2.8140079804052403,39620537505.48001,(79241075010.96002+0j),(12814.379563769346+0j),(1.000025543492522+0.01933880455056799j),(1.000025543492522-0.01933880455056799j),(-1.7633502295698475e-05+0j),(7.803733220905238e-05+0j)
976,-2.2445568396305813,1.763213948546937,45.133441392016096,2.821638602409452,36240365828.28354,(72480731656.56708+0j),(11440.342048036733+0j),(1.0184201921753953+0j),(0.9815841381602242+0j),(-2.2586558380118873e-05+0j),(8.740997422175591e-05+0j)
977,-2.240788600958553,1.7567017447905058,45.15979030608719,2.829164328374511,33260825093.59607,(66521650187.19214+0j),(10123.242469550818+0j),(1.0250211218837728+0j),(0.9749291909736125+0j),(5.943970851072149e-06+0j),(9.878258021341861e-05+0j)
978,-2.236966793967903,1.7501492336503353,45.18585434693558,2.8365616571565626,30648656912.145203,(61297313824.290405+0j),(8888.359639876548+0j),(1.0000451774023293+0.018977122217591277j),(1.0000451774023293-0.018977122217591277j),(-0.0001026609190471251+0j),(0.00011250669908740675+0j)
979,-2.2331042359376,1.7435779045010495,45.21174589881624,2.843807624438753,28370618670.48037,(56741237340.96074+0j),(7752.570914695678+0j),(1.0311609208192285+0j),(0.968963246740658+0j),(-8.395512296324206e-05+0j),(0.000128989466810136+0j)
980,-2.229214630456788,1.7370100801386137,45.23758684379828,2.850880637991226,26394011903.007057,(52788023806.014114+0j),(6725.154602859783+0j),(1.0265382615204108+0j),(0.9734105116261333+0j),(8.240288245142567e-05+0j),(0.00014869546656712604+0j)
981,-2.225312125323302,1.730468183326838,45.26350179385796,2.8577612336630382,24687200090.09168,(49374400180.183365+0j),(5808.966867280275+0j),(1.0000008071806648+0.019677727922175023j),(1.0000008071806648-0.019677727922175023j),(-2.361257244185212e-05+0j),(0.00017214765173165727+0j)
982,-2.221410844454613,1.7239739978518855,45.28961096852144,2.86443270607724,23220069268.018745,(46440138536.03749+0j),(5001.8130626774055+0j),(1.042635668255864+0j),(0.9575446416674637+0j),(-6.785534682454184e-05+0j),(0.00019992750334704492+0j)
983,-2.217524422470276,1.7175479676263017,45.316023650232935,2.8708815826807084,21964397543.37804,(43928795086.75607+0j),(4297.843858220919+0j),(1.0000710614813828+0.004266864091992969j),(1.0000710614813828-0.004266864091992969j),(-9.03407789166675e-05+0j),(0.00023267480876974463+0j)
984,-2.213665572418716,1.7112085773718495,45.34283302396119,2.8770979203787133,20894118896.77181,(41788237793.543625+0j),(3688.842560206838+0j),(1.0220658840678734+0j),(0.9779866604490196+0j),(-3.7824638707726135e-05+0j),(0.0002710877418073684+0j)
985,-2.209845717916825,1.7049718574513626,45.37011291727998,2.8830754131211984,19985480015.78018,(39970960031.56036+0j),(3165.3171314685214+0j),(1.0149146535829183+0j),(0.9851431213771075+0j),(-4.6220708658180905e-05+0j),(0.0003159241108945152+0j)
986,-2.2060747176067426,1.6988510485329071,45.39791658749673,2.8888113107330917,19217098986.38452,(38434197972.76904+0j),(2717.35724942295+0j),(1.0112858785013592+0j),(0.9887260383262099+0j),(-1.645953494176096e-05+0j),(0.00036800461183147476+0j)
987,-2.2023607005036494,1.6928564463130558,45.4262773550981,2.8943061653584987,18569941123.87244,(37139882247.74487+0j),(2335.2548113869398+0j),(1.036165740226662+0j),(0.9638061952800604+0j),(6.399561714396576e-05+0j),(0.0004282187943058246+0j)
988,-2.198710016766619,1.6869954247545222,45.455210639610605,2.8995634391139258,18027228392.713333,(36054456785.42667+0j),(2009.912023568543+0j),(1.0058808895601123+0j),(0.9941380502734679+0j),(9.67039244066773e-06+0j),(0.0004975342146367387+0j)
989,-2.19512729348261,1.6812726142642884,45.484716851556726,2.9045890195903783,17574299311.728012,(35148598623.456024+0j),(1733.0751571336175+0j),(1.0235165050132449+0j),(0.9763571359951984+0j),(0.00012792927058423323+0j),(0.0005770090211262655+0j)
990,-2.19161557339724,1.6756901952279035,45.514784620278526,2.9093906946142316,17198435966.57293,(34396871933.14586+0j),(1497.4362738843586+0j),(1.0376599776560471+0j),(0.9622201545664478+0j),(0.00010248092927037126+0j),(0.0006678080513712928+0j)
991,-2.188176508684559,1.6702482607398956,45.54539394772758,2.913977633438962,16888672103.340664,(33777344206.681328+0j),(1296.6426943303982+0j),(1.0562561467766005+0j),(0.943932195661274+0j),(-3.1956690026731375e-05+0j),(0.0007712224843369439+0j)
992,-2.184810581951257,1.664945204865583,45.57651902073825,2.918359910738039,16635596167.331331,(33271192334.662666+0j),(1125.2477813852186+0j),(1.0000239155496145+0.011033884879887346j),(1.0000239155496145-0.011033884879887346j),(-4.240921978251778e-05+0j),(0.0008886931540408571+0j)
993,-2.1815173310895823,1.65977810140813,45.6081305479072,2.9225480962304697,16431157367.530922,(32862314735.061844+0j),(978.6288861513217+0j),(1.0290105580425826+0j),(0.9709976169120698+0j),(2.0006066434551414e-05+0j),(0.0010218378121790433+0j)
994,-2.178295561067031,1.6547430492777917,45.64019758967074,2.9265529199445637,16268483545.202597,(32536967090.40519+0j),(852.8909603743751+0j),(0.9999113512225142+0.03624859250854596j),(0.9999113512225142-0.03624859250854596j),(0.00010685747204763495+0j),(0.0011724828219306519+0j)
995,-2.175143532351553,1.6498354712496297,45.67268891599008,2.930385013085704,16141713729.779827,(32283427459.559654+0j),(744.7679737734161+0j),(1.0412980432093022+0j),(0.9587987164505383+0j),(-7.10456070784212e-05+0j),(0.0013427000558337257+0j)
996,-2.172059121224484,1.6450503614695071,45.70557395998064,2.934054717895385,16045849155.647018,(32091698311.294037+0j),(651.5294525699495+0j),(1.038121478975079+0j),(0.9617743272276627+0j),(9.684964119472937e-05+0j),(0.0015348500301969029+0j)
997,-2.1690399512757024,1.640382483009692,45.73882344683497,2.9375719564586653,15976573377.393074,(31953146754.786148+0j),(570.8958108635688+0j),(0.9999680147174709+0.025168925165440326j),(0.9999680147174709-0.025168925165440326j),(6.281121801946947e-05+0j),(0.0017516331018946855+0j)
